chr	pos	p_ltr	b_hab	se_hab	na	n0	n1	af	m.p_lrt.95	m.p_lrt.05	m.b_hab.95	m.b_hab.05	m.se_hab.95	m.se_hab.05	pos.id	p_rank	p_random_r	p_rnpv	p_rand_rnpv	SNP_id
JAWNLB010000013.1	1050403	0.000458620015606169	0.416165244432568	610.573405525267	0	2	0	1.77777777777778	0.872598702796277	0.0173297913679657	0.0123181166818089	-0.00160136256781093	0.0114760641096651	0.00447307317674166	263	1	302	6.2996094242157e-05	0.0190248204611314	JAWNLB010000013.1_1050403
JAWNLB010000174.1	14851257	0.000458620015606169	0.416165244432568	610.573405525267	0	2	0	1.77777777777778	0.881627854205157	0.0342653245072013	0.0114842030582453	0.00106986377624789	0.00971400983351577	0.00436627545060334	14890	2	500	0.000125992188484314	0.0314980471210785	JAWNLB010000174.1_14851257
JAWNLB010000174.1	18750718	0.000458620015606169	0.416165244432568	610.573405525267	0	2	0	1.77777777777778	0.838114494248814	0.0217341973345184	0.0143126035650445	0.000500851710783617	0.012687066702783	0.00447705367346647	15358	3	375	0.000188988282726471	0.0236235353408089	JAWNLB010000174.1_18750718
JAWNLB010000114.1	2100537	0.000499768473764884	-2.76249883001622	1169.47763107334	0	2	0	1.77777777777778	0.931882710786967	0.0216712231219957	0.0125171811795845	0.000694144711984315	0.0104564994583399	0.0044167855689201	4113	4	374	0.000251984376968628	0.0235605392465667	JAWNLB010000114.1_2100537
JAWNLB010000174.1	9900265	0.000499768473764884	-2.76249883001622	1169.47763107334	0	2	0	1.77777777777778	0.887551141007468	0.0210775508247813	0.011674974212847	0.00142238493302522	0.0110497765888396	0.00446442576939309	14300	5	368	0.000314980471210785	0.0231825626811138	JAWNLB010000174.1_9900265
JAWNLB010000144.1	3000226	0.00272102835835032	-0.0912590125820094	0.0894713926605391	0	1	2	1.77777777777778	0.907638019027969	0.0448777148888418	0.00809058157352863	0.00126997608238044	0.00966609474706192	0.00450931892759062	7439	6	674	0.000377976565452942	0.0424593675192138	JAWNLB010000144.1_3000226
JAWNLB010000013.1	1350615	0.00314533961623427	-1.35823459047873	907.227183502074	0	1	1	1.83333333333333	0.840199017826901	0.0876945368787383	0.000309280941858137	-0.00746638696713587	0.00926459194475249	0.00533501561683802	305	8	2479	0.000503968753937256	0.156167317626307	JAWNLB010000013.1_1350615
JAWNLB010000013.1	1500334	0.00314533961623427	-1.35823459047873	907.227183502074	0	1	1	1.83333333333333	0.898899574395625	0.0731011805742655	0.000102307090639393	-0.00548810058236026	0.00835172326566086	0.00533635376958016	319	9	1517	0.000566964848179413	0.0955650749653521	JAWNLB010000013.1_1500334
JAWNLB010000013.1	1650146	0.00314533961623427	-1.35823459047873	907.227183502074	0	1	1	1.83333333333333	0.887649876581959	0.0826021735941996	-0.000136053686915515	-0.00482112015202215	0.00787364395527499	0.0053721683789798	325	10	1984	0.00062996094242157	0.124984250976439	JAWNLB010000013.1_1650146
JAWNLB010000013.1	901243	0.00314533961623427	-1.35823459047873	907.227183502074	0	1	1	1.83333333333333	0.875536211306337	0.0903380528644614	-0.00066589543344497	-0.00665369907180968	0.00873259474236246	0.00545245961174935	241	7	2873	0.000440972659695099	0.180987778757717	JAWNLB010000013.1_901243
JAWNLB010000174.1	16503018	0.00314533961623427	-1.35823459047873	907.227183502074	0	1	1	1.83333333333333	0.84291965446569	0.0864124105995317	-0.000310431680330735	-0.00520587448293263	0.00803942712409009	0.00525070746908406	15099	11	2419	0.000692957036663727	0.152387551971778	JAWNLB010000174.1_16503018
JAWNLB010000070.1	4500272	0.00319324487007613	0.61915741667099	580.086656393223	0	1	1	1.83333333333333	0.947442006503833	0.0571517155020762	0.01080202344485	0.00124688887664857	0.0115633300997329	0.00492957288167103	2405	12	964	0.000755953130905884	0.0607282348494393	JAWNLB010000070.1_4500272
JAWNLB010000116.1	6150220	0.00324381028680421	-1.39565902592723	916.690294037373	0	1	1	1.83333333333333	0.955057094900482	0.0431981503870854	0.0123566690486371	0.00084764573223321	0.0150281655778299	0.00487585531417268	5472	13	638	0.000818949225148041	0.0401915081264962	JAWNLB010000116.1_6150220
JAWNLB010000174.1	8550205	0.00340299416773475	0.0190574331366848	0.0128482439664501	0	3	2	1.55555555555556	0.981316072726175	0.0299913873337289	0.000743775541693158	-0.00463020766957834	0.00582714907579058	0.00380406563449686	14133	14	452	0.000881945319390198	0.028474234597455	JAWNLB010000174.1_8550205
JAWNLB010000174.1	10500184	0.0044632739060461	-0.013150079705427	0.0073204898371729	0	8	5	0.833333333333333	0.963663554789692	0.0925409281629196	0.00216670607859851	0.000202737930782774	0.00360195637283249	0.00315464532981049	14363	15	2976	0.000944941413632355	0.187476376464659	JAWNLB010000174.1_10500184
JAWNLB010000174.1	17250429	0.00523836410112658	-0.0279620507114657	0.0265269469021235	0	3	0	1.66666666666667	0.966837586339464	0.0103539936952328	0.0174521257141836	0.00335203317336164	0.011779355440161	0.00430116515118139	15178	16	254	0.00100793750787451	0.0160010079375079	JAWNLB010000174.1_17250429
JAWNLB010000013.1	2100273	0.00584356299506991	-1.35833999110463	912.690384456359	0	1	0	1.88888888888889	0.340856544914827	0.0810085052963579	0.013874886588526	-0.00123521441529622	0.0195776837718304	0.0056490396393588	384	17	1873	0.00107093360211667	0.11799168451556	JAWNLB010000013.1_2100273
JAWNLB010000013.1	2100311	0.00584356299506991	-1.35833999110463	912.690384456359	0	1	0	1.88888888888889	0.343239073695216	0.0777129683808888	0.0117347311728414	-0.000427102419569055	0.0151559470334937	0.0056064469624791	385	18	1703	0.00113392969635883	0.107282348494393	JAWNLB010000013.1_2100311
JAWNLB010000013.1	2850169	0.00584356299506991	-1.35833999110463	912.690384456359	0	1	0	1.88888888888889	0.342031688291779	0.126608905811462	0.00899083236729962	-0.00059042661365729	0.0125994696969475	0.00555377251269221	474	19	6642	0.00119692579060098	0.418420057956407	JAWNLB010000013.1_2850169
JAWNLB010000013.1	2850182	0.00584356299506991	-1.35833999110463	912.690384456359	0	1	0	1.88888888888889	0.34202483339381	0.103309641698714	0.0117141440142265	0.000348362721452969	0.0151504505209746	0.00554131653535573	476	20	5260	0.00125992188484314	0.331359455713746	JAWNLB010000013.1_2850182
JAWNLB010000020.1	3451263	0.00584356299506991	-1.35833999110463	912.690384456359	0	1	0	1.88888888888889	0.342589556470471	0.108090941587388	0.00955697288824841	-0.000196237719944004	0.0142000195150213	0.00554053150476792	919	21	5443	0.0013229179790853	0.34288774096006	JAWNLB010000020.1_3451263
JAWNLB010000070.1	4350185	0.00584356299506991	-1.35833999110463	912.690384456359	0	1	0	1.88888888888889	0.342655673866661	0.0814877876986491	0.0127652410652275	3.85381583631072e-05	0.0164430202190021	0.00554191461608428	2383	22	1921	0.00138591407332745	0.121015497039184	JAWNLB010000070.1_4350185
JAWNLB010000070.1	6150247	0.00584356299506991	-1.35833999110463	912.690384456359	0	1	0	1.88888888888889	0.340234411200305	0.0889996225396831	0.0108348075886449	-0.00135668939372306	0.0144022113336584	0.00551822029723098	2595	23	2810	0.00144891016756961	0.177019024820461	JAWNLB010000070.1_6150247
JAWNLB010000090.1	3750721	0.00584356299506991	-1.35833999110463	912.690384456359	0	1	0	1.88888888888889	0.342045847804102	0.119419664111545	0.0100792993282415	-0.00117948314603049	0.0140838038164327	0.00553936913558772	3555	24	6392	0.00151190626181177	0.402671034395867	JAWNLB010000090.1_3750721
JAWNLB010000090.1	3900155	0.00584356299506991	-1.35833999110463	912.690384456359	0	1	0	1.88888888888889	0.342646976670369	0.105289501970193	0.0108959804828494	4.30836301858972e-05	0.016965848486432	0.00555324781178146	3565	25	5330	0.00157490235605392	0.335769182310697	JAWNLB010000090.1_3900155
JAWNLB010000100.1	1050852	0.00584356299506991	-1.35833999110463	912.690384456359	0	1	0	1.88888888888889	0.340848515669629	0.078047803194033	0.013854190614426	-0.000808012285012847	0.018052080396416	0.00565668682598862	3817	26	1721	0.00163789845029608	0.108416278190752	JAWNLB010000100.1_1050852
JAWNLB010000114.1	1950344	0.00584356299506991	-1.35833999110463	912.690384456359	0	1	0	1.88888888888889	0.342480213090333	0.126655784713691	0.00955177314222094	-0.000440037170430942	0.0126294158930897	0.00571329708015954	4088	29	6645	0.00182688673302255	0.418609046239133	JAWNLB010000114.1_1950344
JAWNLB010000114.1	1950463	0.00584356299506991	-1.35833999110463	912.690384456359	0	1	0	1.88888888888889	0.341490096205255	0.112492676871187	0.0110975606836193	-0.000223487091451077	0.0142324635526066	0.0054662779647901	4096	30	5631	0.00188988282726471	0.354731006677586	JAWNLB010000114.1_1950463
JAWNLB010000114.1	3750206	0.00584356299506991	-1.35833999110463	912.690384456359	0	1	0	1.88888888888889	0.341898830719684	0.109614361648091	0.0114905757489735	-0.000452429641925977	0.0175232456571163	0.00545681513404278	4306	31	5501	0.00195287892150687	0.346541514426106	JAWNLB010000114.1_3750206
JAWNLB010000114.1	3750309	0.00584356299506991	-1.35833999110463	912.690384456359	0	1	0	1.88888888888889	0.342542207978555	0.0871110828518098	0.0133559669338156	0.000195198836418536	0.0168397934251715	0.00545721681564457	4308	32	2458	0.00201587501574902	0.154844399647222	JAWNLB010000114.1_3750309
JAWNLB010000114.1	3750316	0.00584356299506991	-1.35833999110463	912.690384456359	0	1	0	1.88888888888889	0.340221572145969	0.106857979281062	0.0183891848675185	-0.000588256241064988	0.021773723832423	0.00546511913702757	4310	33	5383	0.00207887110999118	0.339107975305531	JAWNLB010000114.1_3750316
JAWNLB010000114.1	4050117	0.00584356299506991	-1.35833999110463	912.690384456359	0	1	0	1.88888888888889	0.343025537423874	0.108631977686146	0.00935990593704468	0.000161815111286753	0.01322881411398	0.00556867113613583	4340	34	5460	0.00214186720423334	0.343958674562177	JAWNLB010000114.1_4050117
JAWNLB010000114.1	750542	0.00584356299506991	-1.35833999110463	912.690384456359	0	1	0	1.88888888888889	0.339663516423542	0.0939279070334634	0.0112874887543977	-0.000790416394722561	0.0137534072553795	0.00552031945687613	3951	28	3019	0.0017638906387804	0.190185208517072	JAWNLB010000114.1_750542
JAWNLB010000115.1	1950529	0.00584356299506991	-1.35833999110463	912.690384456359	0	1	0	1.88888888888889	0.34076302772831	0.103538679528434	0.010253865213621	-0.000535003822566672	0.0137637309886873	0.0055224212389045	4588	35	5270	0.00220486329847549	0.331989416656167	JAWNLB010000115.1_1950529
JAWNLB010000115.1	1950784	0.00584356299506991	-1.35833999110463	912.690384456359	0	1	0	1.88888888888889	0.34281040841387	0.0970966172313489	0.0123446242893922	-0.00105539208484971	0.016950287759168	0.00541861623390628	4598	36	4010	0.00226785939271765	0.25261433791105	JAWNLB010000115.1_1950784
JAWNLB010000115.1	1950888	0.00584356299506991	-1.35833999110463	912.690384456359	0	1	0	1.88888888888889	0.341561113060055	0.106509991513609	0.00957493051719427	-0.000596458458187769	0.0138935285226987	0.00557703278921432	4602	37	5366	0.00233085548695981	0.338037041703414	JAWNLB010000115.1_1950888
JAWNLB010000115.1	2100312	0.00584356299506991	-1.35833999110463	912.690384456359	0	1	0	1.88888888888889	0.341593479511759	0.0835185766937077	0.0113733465208978	-0.00016369037201561	0.013886742847859	0.00548003698921973	4604	38	2081	0.00239385158120197	0.131094872117929	JAWNLB010000115.1_2100312
JAWNLB010000115.1	2400511	0.00584356299506991	-1.35833999110463	912.690384456359	0	1	0	1.88888888888889	0.340556012429605	0.089303732056004	0.0152510739912912	0.000301481514031934	0.0178629345436634	0.00554957109801484	4648	39	2821	0.00245684767544412	0.177711981857125	JAWNLB010000115.1_2400511
JAWNLB010000115.1	2850082	0.00584356299506991	-1.35833999110463	912.690384456359	0	1	0	1.88888888888889	0.342058431487153	0.0857381666829185	0.0117300763963742	6.16645507879944e-05	0.0156315008585777	0.00547587857898726	4698	40	2397	0.00251984376968628	0.15100163789845	JAWNLB010000115.1_2850082
JAWNLB010000115.1	3150226	0.00584356299506991	-1.35833999110463	912.690384456359	0	1	0	1.88888888888889	0.339931945012371	0.0868369864816625	0.0118869792377839	-0.000212009755323867	0.013773473824289	0.00550939886856007	4734	41	2442	0.00258283986392844	0.153836462139347	JAWNLB010000115.1_3150226
JAWNLB010000116.1	6150411	0.00584356299506991	-1.35833999110463	912.690384456359	0	1	0	1.88888888888889	0.34262935443664	0.12296109789467	0.00848425159265144	0.000176321009196611	0.0121659235086057	0.00562033720271882	5476	42	6514	0.00264583595817059	0.410356557893411	JAWNLB010000116.1_6150411
JAWNLB010000116.1	6300972	0.00584356299506991	-1.35833999110463	912.690384456359	0	1	0	1.88888888888889	0.340219942311766	0.105896214461969	0.0111699436968528	-0.000407146923692596	0.0123894377694253	0.00556419074273937	5505	43	5346	0.00270883205241275	0.336777119818571	JAWNLB010000116.1_6300972
JAWNLB010000123.1	3901037	0.00584356299506991	-1.35833999110463	912.690384456359	0	1	0	1.88888888888889	0.342760990358107	0.0820687478896249	0.0106749826119763	-0.000509255864596885	0.0145275724080856	0.00544865684617915	6366	44	1953	0.00277182814665491	0.123031372054933	JAWNLB010000123.1_3901037
JAWNLB010000144.1	15750432	0.00584356299506991	-1.35833999110463	912.690384456359	0	1	0	1.88888888888889	0.339148784559026	0.100258789177787	0.0111958113107005	0.000557182099605856	0.0163328884883386	0.00544799370548046	8974	48	5137	0.00302381252362354	0.32361093612196	JAWNLB010000144.1_15750432
JAWNLB010000144.1	16350301	0.00584356299506991	-1.35833999110463	912.690384456359	0	1	0	1.88888888888889	0.343053515064323	0.0975698814520027	0.0124773919002702	-0.000650585798327615	0.0160665497457001	0.00559593614727575	9040	49	4032	0.00308680861786569	0.254000251984377	JAWNLB010000144.1_16350301
JAWNLB010000144.1	18600985	0.00584356299506991	-1.35833999110463	912.690384456359	0	1	0	1.88888888888889	0.340063365432063	0.0740940630111176	0.0151771081196763	-0.000822099330066356	0.0184720297278144	0.00554901387003123	9319	50	1549	0.00314980471210785	0.0975809499811012	JAWNLB010000144.1_18600985
JAWNLB010000144.1	1950158	0.00584356299506991	-1.35833999110463	912.690384456359	0	1	0	1.88888888888889	0.342315609248776	0.10841081083917	0.00921095645261605	-0.000769390426802779	0.0130874420796138	0.00551140526834471	7310	45	5454	0.00283482424089706	0.343580697996724	JAWNLB010000144.1_1950158
JAWNLB010000144.1	8550767	0.00584356299506991	-1.35833999110463	912.690384456359	0	1	0	1.88888888888889	0.343130467247638	0.107904304981785	0.00995371113162081	-0.000575811978287093	0.0161229832036605	0.0056727066531774	8116	46	5432	0.00289782033513922	0.342194783923397	JAWNLB010000144.1_8550767
JAWNLB010000144.1	8850630	0.00584356299506991	-1.35833999110463	912.690384456359	0	1	0	1.88888888888889	0.342676322789462	0.109261687419177	0.0116228971552472	-0.000306985097348634	0.0188161633347887	0.00553506882577821	8150	47	5485	0.00296081642938138	0.345533576918231	JAWNLB010000144.1_8850630
JAWNLB010000147.1	3150678	0.00584356299506991	-1.35833999110463	912.690384456359	0	1	0	1.88888888888889	0.33610516946822	0.101014333202252	0.00888138263435801	-0.000674701455792985	0.0138335039237054	0.0054953674427834	10380	51	5175	0.00321280080635001	0.326004787703162	JAWNLB010000147.1_3150678
JAWNLB010000147.1	4653107	0.00584356299506991	-1.35833999110463	912.690384456359	0	1	0	1.88888888888889	0.342080521728209	0.103284610239901	0.0109051932745481	-0.000130822569096009	0.0157403936906144	0.00569711834884951	10561	52	5258	0.00327579690059216	0.331233463525261	JAWNLB010000147.1_4653107
JAWNLB010000161.1	5552541	0.00584356299506991	-1.35833999110463	912.690384456359	0	1	0	1.88888888888889	0.340779820604591	0.0573307841989844	0.0203664673915426	-0.000354504112976934	0.0256380142369903	0.00541829307482565	11836	53	972	0.00333879299483432	0.0612322036033766	JAWNLB010000161.1_5552541
JAWNLB010000162.1	2250445	0.00584356299506991	-1.35833999110463	912.690384456359	0	1	0	1.88888888888889	0.343405057177931	0.117417901366448	0.00852318283049444	8.32638441879006e-06	0.0129115187677047	0.00555737152803764	12244	54	6318	0.00340178908907648	0.398009323421948	JAWNLB010000162.1_2250445
JAWNLB010000162.1	5250519	0.00584356299506991	-1.35833999110463	912.690384456359	0	1	0	1.88888888888889	0.340695063061683	0.0977296769109725	0.0142970267402207	-0.00115430597165887	0.0202860544030083	0.00554409684605596	12610	55	4040	0.00346478518331863	0.254504220738314	JAWNLB010000162.1_5250519
JAWNLB010000162.1	5250554	0.00584356299506991	-1.35833999110463	912.690384456359	0	1	0	1.88888888888889	0.342995063772534	0.0779918669548601	0.0145128458980263	-0.00044120211420791	0.0165941474930822	0.00558466031037333	12611	56	1716	0.00352778127756079	0.108101297719541	JAWNLB010000162.1_5250554
JAWNLB010000162.1	6450520	0.00584356299506991	-1.35833999110463	912.690384456359	0	1	0	1.88888888888889	0.340562724936851	0.0750447391341505	0.0168897637503434	-0.000747591852803865	0.0198695108069064	0.00544565517715611	12750	57	1586	0.00359077737180295	0.099911805468061	JAWNLB010000162.1_6450520
JAWNLB010000163.1	2100128	0.00584356299506991	-1.35833999110463	912.690384456359	0	1	0	1.88888888888889	0.341035233970253	0.108689272197711	0.0104797734011323	-0.000756960515506766	0.0129977695396563	0.00551599510003481	12996	58	5464	0.00365377346604511	0.344210658939146	JAWNLB010000163.1_2100128
JAWNLB010000174.1	10200416	0.00584356299506991	-1.35833999110463	912.690384456359	0	1	0	1.88888888888889	0.343235143433131	0.0835032344198584	0.0106069941834453	-0.000141163657481908	0.0135230427663424	0.00570038044129337	14340	60	2080	0.00377976565452942	0.131031876023687	JAWNLB010000174.1_10200416
JAWNLB010000174.1	10651573	0.00584356299506991	-1.35833999110463	912.690384456359	0	1	0	1.88888888888889	0.339714215225886	0.101879572525916	0.00958231604354404	-0.000483535617519969	0.0129102852651273	0.00537642864834382	14398	61	5204	0.00384276174877158	0.327831674436185	JAWNLB010000174.1_10651573
JAWNLB010000174.1	12151652	0.00584356299506991	-1.35833999110463	912.690384456359	0	1	0	1.88888888888889	0.341615684698531	0.0577174701440158	0.0160374204173027	-0.000885390468613694	0.0199775268647629	0.00562000481617624	14572	62	980	0.00390575784301373	0.0617361723573138	JAWNLB010000174.1_12151652
JAWNLB010000174.1	12300356	0.00584356299506991	-1.35833999110463	912.690384456359	0	1	0	1.88888888888889	0.339718417711301	0.0941667569146218	0.0143821134393575	-3.17082846775529e-05	0.0188353092379041	0.00550171539497914	14580	63	3031	0.00396875393725589	0.190941161647978	JAWNLB010000174.1_12300356
JAWNLB010000174.1	13050605	0.00584356299506991	-1.35833999110463	912.690384456359	0	1	0	1.88888888888889	0.342508342985891	0.104432274443236	0.0107445372009828	-0.000901574694583402	0.0160353707405894	0.00558571780897598	14676	64	5299	0.00403175003149805	0.33381630338919	JAWNLB010000174.1_13050605
JAWNLB010000174.1	13200279	0.00584356299506991	-1.35833999110463	912.690384456359	0	1	0	1.88888888888889	0.340529490863018	0.075990954119709	0.0156535653015534	-0.00183608429172004	0.0193134862646839	0.00542757008010696	14689	65	1621	0.0040947461257402	0.102116668766536	JAWNLB010000174.1_13200279
JAWNLB010000174.1	13350199	0.00584356299506991	-1.35833999110463	912.690384456359	0	1	0	1.88888888888889	0.342199793823119	0.0981058860514082	0.0150422455092984	9.59962434224096e-05	0.0196776060073938	0.00551482331509951	14706	66	4060	0.00415774221998236	0.255764142623157	JAWNLB010000174.1_13350199
JAWNLB010000174.1	13800569	0.00584356299506991	-1.35833999110463	912.690384456359	0	1	0	1.88888888888889	0.341355260831784	0.109182975195667	0.0109729341834394	-0.000356708448164884	0.0122146508232049	0.00539954236203993	14776	67	5484	0.00422073831422452	0.345470580823989	JAWNLB010000174.1_13800569
JAWNLB010000174.1	15601419	0.00584356299506991	-1.35833999110463	912.690384456359	0	1	0	1.88888888888889	0.341481096700382	0.077980811417183	0.0155001981087971	-0.00123041343205245	0.0182114234450596	0.00559530778573154	14991	68	1715	0.00428373440846668	0.108038301625299	JAWNLB010000174.1_15601419
JAWNLB010000174.1	16200307	0.00584356299506991	-1.35833999110463	912.690384456359	0	1	0	1.88888888888889	0.337365452000087	0.10351023146975	0.0127884342053539	-0.0013131699869746	0.0171006878252391	0.00565798152203173	15051	69	5265	0.00434673050270883	0.331674436184957	JAWNLB010000174.1_16200307
JAWNLB010000174.1	16652414	0.00584356299506991	-1.35833999110463	912.690384456359	0	1	0	1.88888888888889	0.340401726600493	0.103085395290334	0.0105966332699177	-0.000648924826774936	0.0149286623407124	0.00557594421749693	15111	70	5254	0.00440972659695099	0.330981479148293	JAWNLB010000174.1_16652414
JAWNLB010000174.1	17850654	0.00584356299506991	-1.35833999110463	912.690384456359	0	1	0	1.88888888888889	0.336864580161651	0.0789440898723772	0.015519694386509	0.000214698173216071	0.018913033835028	0.0055380380925538	15251	71	1770	0.00447272269119315	0.111503086808618	JAWNLB010000174.1_17850654
JAWNLB010000174.1	19200620	0.00584356299506991	-1.35833999110463	912.690384456359	0	1	0	1.88888888888889	0.342623213517243	0.0878218776696147	0.0125931518395716	-0.00126042996145394	0.0166936569845019	0.00550844863064372	15412	72	2488	0.0045357187854353	0.156734282474487	JAWNLB010000174.1_19200620
JAWNLB010000174.1	19350303	0.00584356299506991	-1.35833999110463	912.690384456359	0	1	0	1.88888888888889	0.338910375130834	0.0864769022730694	0.0152093302802853	0.000230278883706108	0.0161398147501103	0.00564204687968112	15434	73	2424	0.00459871487967746	0.152702532442989	JAWNLB010000174.1_19350303
JAWNLB010000174.1	20700757	0.00584356299506991	-1.35833999110463	912.690384456359	0	1	0	1.88888888888889	0.341386091893923	0.102723832630367	0.0102121890936937	0.000261153750272723	0.0136216038912782	0.00536032904248922	15596	74	5238	0.00466171097391962	0.329973541640418	JAWNLB010000174.1_20700757
JAWNLB010000174.1	20850511	0.00584356299506991	-1.35833999110463	912.690384456359	0	1	0	1.88888888888889	0.342996091929237	0.115784121110643	0.0104473998858941	-0.000331023616959651	0.0137563758029584	0.00559299083132272	15607	75	6259	0.00472470706816177	0.394292553861661	JAWNLB010000174.1_20850511
JAWNLB010000174.1	21601822	0.00584356299506991	-1.35833999110463	912.690384456359	0	1	0	1.88888888888889	0.340019367842308	0.0818044673541985	0.0153687193152477	-0.00155383408190864	0.0197284072523228	0.00558135166564111	15711	76	1940	0.00478770316240393	0.122212422829785	JAWNLB010000174.1_21601822
JAWNLB010000174.1	21751073	0.00584356299506991	-1.35833999110463	912.690384456359	0	1	0	1.88888888888889	0.339742753786139	0.0795219384203453	0.0165381559152908	0.000159637416856937	0.0183715683911045	0.00538645599066939	15718	77	1793	0.00485069925664609	0.112951996976187	JAWNLB010000174.1_21751073
JAWNLB010000174.1	21751226	0.00584356299506991	-1.35833999110463	912.690384456359	0	1	0	1.88888888888889	0.342635961618877	0.0695157191696824	0.0224502124156107	4.92608197451837e-05	0.0260323050933829	0.0053867860475876	15721	78	1353	0.00491369535088824	0.0852337155096384	JAWNLB010000174.1_21751226
JAWNLB010000174.1	21900274	0.00584356299506991	-1.35833999110463	912.690384456359	0	1	0	1.88888888888889	0.342830426353015	0.109716404498776	0.0100922976587064	-0.000891933834456066	0.0126432293979413	0.00561799671218649	15731	79	5503	0.0049766914451304	0.34666750661459	JAWNLB010000174.1_21900274
JAWNLB010000174.1	8700839	0.00584356299506991	-1.35833999110463	912.690384456359	0	1	0	1.88888888888889	0.342827857756739	0.0815011534696831	0.0142598299786474	-0.000237026004502837	0.0178683091074336	0.00547989463551524	14151	59	1922	0.00371676956028726	0.121078493133426	JAWNLB010000174.1_8700839
JAWNLB010000114.1	3600188	0.00584356299506993	1.35833999066296	912.690380098263	0	17	0	0.111111111111111	0.341329431654517	0.0893937556102169	0.00031335868985218	-0.0134415083390492	0.0164416872269076	0.00557424523117561	4291	80	2825	0.00503968753937256	0.177963966234093	JAWNLB010000114.1_3600188
JAWNLB010000114.1	3600234	0.00584356299506993	1.35833999066296	912.690380098263	0	17	0	0.111111111111111	0.340860673869624	0.10880200672168	0.00109662023822588	-0.00931247505913832	0.012715123710221	0.0054650141775128	4294	81	5472	0.00510268363361472	0.344714627693083	JAWNLB010000114.1_3600234
JAWNLB010000162.1	2250338	0.00598146794701487	0.0122480424771819	0.00761920540902428	0	7	7	0.833333333333333	0.970458724509426	0.125353038073295	-0.000938015350558124	-0.00288902208824163	0.00358788942109322	0.00318493542652989	12240	82	6594	0.00516567972785687	0.415396245432783	JAWNLB010000162.1_2250338
JAWNLB010000013.1	1801889	0.00615819777949667	1.23129753105992	775.191955836833	0	1	0	1.88888888888889	0.36128329602771	0.0665499269746031	0.0137236387035671	0.000693152018414945	0.0158769993380984	0.00547326056542793	353	86	1238	0.0054176641048255	0.0779891646717903	JAWNLB010000013.1_1801889
JAWNLB010000013.1	2250490	0.00615819777949667	1.23129753105992	775.191955836833	0	1	0	1.88888888888889	0.359263461232339	0.0774118306489358	0.0147418896183008	-0.000420403585911909	0.0195121674090309	0.00548211872694557	401	87	1687	0.00548066019906766	0.106274410986519	JAWNLB010000013.1_2250490
JAWNLB010000013.1	2551142	0.00615819777949667	1.23129753105992	775.191955836833	0	1	0	1.88888888888889	0.357220791526969	0.0815963971135656	0.0165129228247949	0.000727742271191184	0.0258051767659102	0.00546596147134367	448	88	1929	0.00554365629330981	0.121519465793121	JAWNLB010000013.1_2551142
JAWNLB010000013.1	3000650	0.00615819777949667	1.23129753105992	775.191955836833	0	1	0	1.88888888888889	0.348116679135629	0.0610175144338172	0.0218724970977219	0.00098731663858949	0.0278631518123238	0.00543390289631116	503	89	1075	0.00560665238755197	0.0677208013103188	JAWNLB010000013.1_3000650
JAWNLB010000070.1	2100327	0.00615819777949667	1.23129753105992	775.191955836833	0	1	0	1.88888888888889	0.353747061974934	0.0744317820686884	0.0122387264346358	0.00067063424134582	0.0150997331102782	0.00558847025127036	2113	90	1557	0.00566964848179413	0.0980849187350384	JAWNLB010000070.1_2100327
JAWNLB010000100.1	900917	0.00615819777949667	1.23129753105992	775.191955836833	0	1	0	1.88888888888889	0.361951809891795	0.0887001755870361	0.0118894870586924	0.000584651204425456	0.0136057641156808	0.00534527796952732	3804	91	2521	0.00573264457603629	0.158813153584478	JAWNLB010000100.1_900917
JAWNLB010000114.1	1050202	0.00615819777949667	1.23129753105992	775.191955836833	0	1	0	1.88888888888889	0.358341085801739	0.0655793714852524	0.0214598402873905	0.000263642056994113	0.0257114637062497	0.00544811825177036	3982	94	1206	0.00592163285876276	0.0759732896560413	JAWNLB010000114.1_1050202
JAWNLB010000114.1	1050745	0.00615819777949667	1.23129753105992	775.191955836833	0	1	0	1.88888888888889	0.361833614144054	0.0809639148570365	0.0129787170494738	0.000354082031335075	0.0168404977381803	0.00551701654630024	3995	95	1872	0.00598462895300491	0.117928688421318	JAWNLB010000114.1_1050745
JAWNLB010000114.1	2550402	0.00615819777949667	1.23129753105992	775.191955836833	0	1	0	1.88888888888889	0.359343394584636	0.0798917001395471	0.022369174517826	0.000655838531488241	0.0301883994856495	0.0054439054938736	4167	96	1810	0.00604762504724707	0.114022930578304	JAWNLB010000114.1_2550402
JAWNLB010000114.1	2850546	0.00615819777949667	1.23129753105992	775.191955836833	0	1	0	1.88888888888889	0.361807224875159	0.0684431222313521	0.0172318696376868	0.000608736709166808	0.0209460420739393	0.00540136307529914	4211	97	1310	0.00611062114148923	0.0825248834572257	JAWNLB010000114.1_2850546
JAWNLB010000114.1	3000241	0.00615819777949667	1.23129753105992	775.191955836833	0	1	0	1.88888888888889	0.361420410808746	0.107045843037421	0.0116879496800602	0.00061066774791669	0.0147770188826161	0.00536836545795278	4222	98	5391	0.00617361723573138	0.339611944059468	JAWNLB010000114.1_3000241
JAWNLB010000114.1	4200261	0.00615819777949667	1.23129753105992	775.191955836833	0	1	0	1.88888888888889	0.364860054564514	0.0594797503706027	0.0186459009649387	-0.00046255682879579	0.0208324832370375	0.00547904998223994	4359	99	1023	0.00623661332997354	0.0644450044097266	JAWNLB010000114.1_4200261
JAWNLB010000114.1	750620	0.00615819777949667	1.23129753105992	775.191955836833	0	1	0	1.88888888888889	0.360105437976149	0.100914560527993	0.0122668957161529	5.84626465476872e-05	0.0155390939487372	0.0055554231559321	3959	92	5173	0.00579564067027844	0.325878795514678	JAWNLB010000114.1_750620
JAWNLB010000114.1	900107	0.00615819777949667	1.23129753105992	775.191955836833	0	1	0	1.88888888888889	0.35660541196975	0.081485488326927	0.0166740102263481	0.000486510304990921	0.024529436208048	0.00563868587822597	3963	93	1920	0.0058586367645206	0.120952500944941	JAWNLB010000114.1_900107
JAWNLB010000115.1	1050095	0.00615819777949667	1.23129753105992	775.191955836833	0	1	0	1.88888888888889	0.357757631882282	0.0665113870683634	0.0207932481068179	-0.000232761253242248	0.0270423984599867	0.00548444730211544	4484	100	1237	0.0062996094242157	0.0779261685775482	JAWNLB010000115.1_1050095
JAWNLB010000115.1	1650675	0.00615819777949667	1.23129753105992	775.191955836833	0	1	0	1.88888888888889	0.358266204243282	0.0935176588904807	0.0125862333059648	0.000586234066437108	0.0159117720329506	0.00555753201306345	4565	101	3002	0.00636260551845786	0.189114274914955	JAWNLB010000115.1_1650675
JAWNLB010000115.1	1950424	0.00615819777949667	1.23129753105992	775.191955836833	0	1	0	1.88888888888889	0.352604216028834	0.0614687045829835	0.0225361546468957	0.000924660074544909	0.0299751941935993	0.00540177772454834	4586	102	1087	0.00642560161270001	0.0684767544412246	JAWNLB010000115.1_1950424
JAWNLB010000115.1	1950781	0.00615819777949667	1.23129753105992	775.191955836833	0	1	0	1.88888888888889	0.361581965712963	0.0803132112440911	0.0152438587256459	0.000568574509971252	0.0205827267604839	0.00548334534283687	4595	103	1829	0.00648859770694217	0.115219856368905	JAWNLB010000115.1_1950781
JAWNLB010000115.1	2250134	0.00615819777949667	1.23129753105992	775.191955836833	0	1	0	1.88888888888889	0.364008484724753	0.0490565844932112	0.0270001132535422	0.000262490512222974	0.0335823080735389	0.00544158107714422	4628	104	791	0.00655159380118433	0.0498299105455462	JAWNLB010000115.1_2250134
JAWNLB010000115.1	2850503	0.00615819777949667	1.23129753105992	775.191955836833	0	1	0	1.88888888888889	0.355345431441135	0.0990301877427793	0.0137473338228142	0.000683779971872748	0.0159782237365083	0.00557651447554424	4711	105	5077	0.00661458989542648	0.319831170467431	JAWNLB010000115.1_2850503
JAWNLB010000115.1	3000061	0.00615819777949667	1.23129753105992	775.191955836833	0	1	0	1.88888888888889	0.356657466874743	0.061467181378281	0.0226919586613807	0.000859689557104943	0.0290953098539918	0.00531950705111313	4714	106	1086	0.00667758598966864	0.0684137583469825	JAWNLB010000115.1_3000061
JAWNLB010000123.1	3300490	0.00615819777949667	1.23129753105992	775.191955836833	0	1	0	1.88888888888889	0.3597580765903	0.0675948992676269	0.0187052003239713	0.00022971083832091	0.0254913120551353	0.00540509614564108	6284	107	1275	0.0067405820839108	0.0803200201587502	JAWNLB010000123.1_3300490
JAWNLB010000145.1	3900559	0.00615819777949667	1.23129753105992	775.191955836833	0	1	0	1.88888888888889	0.360949055398079	0.0752163870390684	0.0122303028203302	0.000530545396912467	0.0144966920489606	0.00537484930316043	9959	108	1590	0.00680357817815295	0.10016378984503	JAWNLB010000145.1_3900559
JAWNLB010000147.1	1950047	0.00615819777949667	1.23129753105992	775.191955836833	0	1	0	1.88888888888889	0.36010478200285	0.099148491901401	0.0137661536897007	0.000520784240513575	0.0188890942221916	0.00544719055350939	10224	109	5086	0.00686657427239511	0.32039813531561	JAWNLB010000147.1_1950047
JAWNLB010000161.1	3301649	0.00615819777949667	1.23129753105992	775.191955836833	0	1	0	1.88888888888889	0.361162227374417	0.0609404513032654	0.0605426988785683	0.00069140864191335	20.7755947199618	0.00548255624233481	11564	111	1073	0.00699256646087943	0.0675948091218345	JAWNLB010000161.1_3301649
JAWNLB010000161.1	4351972	0.00615819777949667	1.23129753105992	775.191955836833	0	1	0	1.88888888888889	0.364450542776621	0.0771547457971505	0.0153468966453104	0.000442547852853929	0.0204599821463317	0.00546918957486442	11686	112	1673	0.00705556255512158	0.105392465667129	JAWNLB010000161.1_4351972
JAWNLB010000162.1	1500659	0.00615819777949667	1.23129753105992	775.191955836833	0	1	0	1.88888888888889	0.363193165404411	0.0552660506138811	0.0207236675995176	0.000300631214224797	0.0250602761514967	0.00548342642079188	12164	113	920	0.00711855864936374	0.0579564067027844	JAWNLB010000162.1_1500659
JAWNLB010000162.1	3150646	0.00615819777949667	1.23129753105992	775.191955836833	0	1	0	1.88888888888889	0.359838943034932	0.102290580174168	0.0122529464514566	0.00103385180523344	0.0144714102857094	0.00525796718124081	12360	114	5214	0.0071815547436059	0.328461635378607	JAWNLB010000162.1_3150646
JAWNLB010000162.1	5400441	0.00615819777949667	1.23129753105992	775.191955836833	0	1	0	1.88888888888889	0.364494270804155	0.0946946583811141	0.0180875634447744	0.000348423067058877	0.0250050326867012	0.00544245744495686	12623	115	3057	0.00724455083784805	0.192579060098274	JAWNLB010000162.1_5400441
JAWNLB010000174.1	10500204	0.00615819777949667	1.23129753105992	775.191955836833	0	1	0	1.88888888888889	0.36058107689975	0.0780899670095522	0.0175285226138593	0.00076296030718815	0.0203741169301662	0.00558129715613777	14366	130	1723	0.00818949225148041	0.108542270379236	JAWNLB010000174.1_10500204
JAWNLB010000174.1	10650875	0.00615819777949667	1.23129753105992	775.191955836833	0	1	0	1.88888888888889	0.354766325413126	0.0588269724723375	0.0216020533024881	0.000686896050607804	0.0292643719431475	0.00554693053586052	14388	131	1009	0.00825248834572257	0.0635630590903364	JAWNLB010000174.1_10650875
JAWNLB010000174.1	11550739	0.00615819777949667	1.23129753105992	775.191955836833	0	1	0	1.88888888888889	0.357763990442739	0.119387324471635	0.0107199880970628	0.000341199433162652	0.0143403437127403	0.00553671949899877	14505	132	6390	0.00831548443996472	0.402545042207383	JAWNLB010000174.1_11550739
JAWNLB010000174.1	11550742	0.00615819777949667	1.23129753105992	775.191955836833	0	1	0	1.88888888888889	0.358325174936846	0.0810959839753794	0.019316453600517	0.00034500424787278	0.0275172900362199	0.00559313346379364	14506	133	1877	0.00837848053420688	0.118243668892529	JAWNLB010000174.1_11550742
JAWNLB010000174.1	12300792	0.00615819777949667	1.23129753105992	775.191955836833	0	1	0	1.88888888888889	0.35710972336214	0.0546225176256128	0.028676442704625	-0.000274765801494019	0.0547886884127889	0.00552113658427975	14589	134	907	0.00844147662844904	0.0571374574776364	JAWNLB010000174.1_12300792
JAWNLB010000174.1	12450187	0.00615819777949667	1.23129753105992	775.191955836833	0	1	0	1.88888888888889	0.352987380286744	0.0711965788469338	0.0204282510431476	0.000806141720044318	0.027009225594517	0.00535395398103786	14597	135	1428	0.00850447272269119	0.0899584225778002	JAWNLB010000174.1_12450187
JAWNLB010000174.1	13200464	0.00615819777949667	1.23129753105992	775.191955836833	0	1	0	1.88888888888889	0.366378071823251	0.0758117978331524	0.0142737003847132	-0.000453435590288939	0.0253174962617273	0.00556467361067054	14700	136	1615	0.00856746881693335	0.101738692201084	JAWNLB010000174.1_13200464
JAWNLB010000174.1	13350525	0.00615819777949667	1.23129753105992	775.191955836833	0	1	0	1.88888888888889	0.364505899942119	0.0811560805676515	0.0167720998089168	0.000454428489645642	0.0206222241378778	0.00542296284675425	14722	137	1881	0.00863046491117551	0.118495653269497	JAWNLB010000174.1_13350525
JAWNLB010000174.1	1350828	0.00615819777949667	1.23129753105992	775.191955836833	0	1	0	1.88888888888889	0.358914859656738	0.0892471438717606	0.0176372051336611	0.000580717409149861	0.0258088914663785	0.00553253187128759	13278	117	2820	0.00737054302633237	0.177648985762883	JAWNLB010000174.1_1350828
JAWNLB010000174.1	13800375	0.00615819777949667	1.23129753105992	775.191955836833	0	1	0	1.88888888888889	0.363059183159957	0.071044464270202	0.0138715568896334	-8.35329191939513e-05	0.0154843168666656	0.00559435176686131	14764	138	1420	0.00869346100541766	0.0894544538238629	JAWNLB010000174.1_13800375
JAWNLB010000174.1	13951110	0.00615819777949667	1.23129753105992	775.191955836833	0	1	0	1.88888888888889	0.36255735047193	0.0805705544269765	0.0193176943795161	2.24267357955539e-05	0.0204051440659657	0.0053660106091923	14788	139	1848	0.00875645709965982	0.116416782159506	JAWNLB010000174.1_13951110
JAWNLB010000174.1	14250541	0.00615819777949667	1.23129753105992	775.191955836833	0	1	0	1.88888888888889	0.353438942408103	0.0966016832629276	0.0128626802574246	7.11451469326095e-05	0.0166076025377628	0.00545150140072839	14821	140	3576	0.00881945319390198	0.225274033009953	JAWNLB010000174.1_14250541
JAWNLB010000174.1	14400818	0.00615819777949667	1.23129753105992	775.191955836833	0	1	0	1.88888888888889	0.359195273378237	0.0735459729860554	0.0130955819381409	0.000474479552590667	0.0154162797634449	0.00546444904095024	14848	141	1530	0.00888244928814414	0.0963840241905002	JAWNLB010000174.1_14400818
JAWNLB010000174.1	14700409	0.00615819777949667	1.23129753105992	775.191955836833	0	1	0	1.88888888888889	0.363509284560605	0.0637935165524578	0.0229974107048053	0.000232718739277909	0.029396680531759	0.00553155232277644	14869	142	1144	0.00894544538238629	0.0720675318130276	JAWNLB010000174.1_14700409
JAWNLB010000174.1	16650803	0.00615819777949667	1.23129753105992	775.191955836833	0	1	0	1.88888888888889	0.363667617810528	0.0890317903880616	0.0148684002771639	0.000443911929890189	0.0194659941521812	0.00559290797320145	15102	143	2813	0.00900844147662845	0.177208013103188	JAWNLB010000174.1_16650803
JAWNLB010000174.1	16951088	0.00615819777949667	1.23129753105992	775.191955836833	0	1	0	1.88888888888889	0.362291466038269	0.0940049247738902	0.0128597662271199	0.000204921481461701	0.0145336175567551	0.00555757213603722	15148	144	3023	0.00907143757087061	0.190437192894041	JAWNLB010000174.1_16951088
JAWNLB010000174.1	17100287	0.00615819777949667	1.23129753105992	775.191955836833	0	1	0	1.88888888888889	0.353618904475685	0.105986535345571	0.0118811201518341	0.000948162351511818	0.0146953786240941	0.00552136928664457	15156	145	5349	0.00913443366511276	0.336966108101298	JAWNLB010000174.1_17100287
JAWNLB010000174.1	17400253	0.00615819777949667	1.23129753105992	775.191955836833	0	1	0	1.88888888888889	0.356978923601175	0.0639306261786222	0.0262631218776882	0.000462825800482653	0.0318415877546291	0.00546117482210517	15191	146	1150	0.00919742975935492	0.0724455083784805	JAWNLB010000174.1_17400253
JAWNLB010000174.1	17400281	0.00615819777949667	1.23129753105992	775.191955836833	0	1	0	1.88888888888889	0.359819526920221	0.0987307330071392	0.0128434856814814	0.000200045048408847	0.0150657404844771	0.00566594473069789	15192	147	5066	0.00926042585359708	0.319138213430767	JAWNLB010000174.1_17400281
JAWNLB010000174.1	17400292	0.00615819777949667	1.23129753105992	775.191955836833	0	1	0	1.88888888888889	0.348864688507168	0.0757193206011721	0.0188077714078461	-5.85784413258981e-05	0.0242860014085309	0.00554211277874015	15193	148	1612	0.00932342194783923	0.101549703918357	JAWNLB010000174.1_17400292
JAWNLB010000174.1	17400322	0.00615819777949667	1.23129753105992	775.191955836833	0	1	0	1.88888888888889	0.364177275600223	0.0695400637111489	0.0126376701215593	0.000794963789778292	0.0159799461493251	0.00562653481086813	15194	149	1355	0.00938641804208139	0.0853597076981227	JAWNLB010000174.1_17400322
JAWNLB010000174.1	17400413	0.00615819777949667	1.23129753105992	775.191955836833	0	1	0	1.88888888888889	0.354983519507812	0.06043014081872	0.0225568561184579	0.000148184919190322	0.0275352710453256	0.00549539258278661	15206	150	1052	0.00944941413632355	0.0662718911427491	JAWNLB010000174.1_17400413
JAWNLB010000174.1	18452662	0.00615819777949667	1.23129753105992	775.191955836833	0	1	0	1.88888888888889	0.356989313565002	0.0881498836318684	0.0116151659235345	0.000816848655385873	0.0151671015309462	0.0056266893336372	15332	151	2503	0.0095124102305657	0.157679223888119	JAWNLB010000174.1_18452662
JAWNLB010000174.1	18601100	0.00615819777949667	1.23129753105992	775.191955836833	0	1	0	1.88888888888889	0.354201914617857	0.0908173993442401	0.0123202282383669	0.00047510490910077	0.0154611662603688	0.00545430000638311	15343	152	2891	0.00957540632480786	0.182121708454076	JAWNLB010000174.1_18601100
JAWNLB010000174.1	19650240	0.00615819777949667	1.23129753105992	775.191955836833	0	1	0	1.88888888888889	0.357444477161147	0.0726044455878683	0.018494373937174	0.000541850036536933	0.024240821372465	0.00549389310281885	15462	153	1492	0.00963840241905002	0.0939901726092982	JAWNLB010000174.1_19650240
JAWNLB010000174.1	19650463	0.00615819777949667	1.23129753105992	775.191955836833	0	1	0	1.88888888888889	0.357483582039633	0.0737371482166511	0.0128309507989349	0.000358310991455154	0.0163450149825372	0.00549150780050657	15468	154	1536	0.00970139851329218	0.0967620007559531	JAWNLB010000174.1_19650463
JAWNLB010000174.1	20101539	0.00615819777949667	1.23129753105992	775.191955836833	0	1	0	1.88888888888889	0.358710715443325	0.0634776592510671	0.0254466618078441	0.000603751324969556	0.0306420586795102	0.00554832867237353	15529	155	1136	0.00976439460753433	0.0715635630590903	JAWNLB010000174.1_20101539
JAWNLB010000174.1	20250276	0.00615819777949667	1.23129753105992	775.191955836833	0	1	0	1.88888888888889	0.367228759721619	0.0869813031802505	0.0125569164402425	4.1047506689557e-05	0.0149539912245677	0.00544033901650654	15535	156	2449	0.00982739070177649	0.154277434799042	JAWNLB010000174.1_20250276
JAWNLB010000174.1	20700793	0.00615819777949667	1.23129753105992	775.191955836833	0	1	0	1.88888888888889	0.361710523363977	0.0897067042210054	0.0183855397989497	0.000555944742395643	0.0261916270330972	0.00554128233462784	15597	157	2845	0.00989038679601865	0.179223888118937	JAWNLB010000174.1_20700793
JAWNLB010000174.1	20850967	0.00615819777949667	1.23129753105992	775.191955836833	0	1	0	1.88888888888889	0.360591663677182	0.00615819783603878	0.344851101734788	0.000940992061667759	417.255617125182	0.00562693602448595	15608	158	13	0.0099533828902608	0.000818949225148041	JAWNLB010000174.1_20850967
JAWNLB010000174.1	21300681	0.00615819777949667	1.23129753105992	775.191955836833	0	1	0	1.88888888888889	0.358307738907223	0.105600337033832	0.0112183303648623	0.000440479239951487	0.014181364571754	0.00549522862986644	15663	159	5338	0.010016378984503	0.336273151064634	JAWNLB010000174.1_21300681
JAWNLB010000174.1	21450511	0.00615819777949667	1.23129753105992	775.191955836833	0	1	0	1.88888888888889	0.364710816585946	0.0638695929092464	0.0257969019577387	0.000694779214552534	0.0356379557341509	0.00552506197490685	15679	160	1146	0.0100793750787451	0.0721935240015119	JAWNLB010000174.1_21450511
JAWNLB010000174.1	3900583	0.00615819777949667	1.23129753105992	775.191955836833	0	1	0	1.88888888888889	0.364793744556038	0.0652025284152104	0.0195122134711438	0.000449508899406431	0.0255053565945601	0.00550905372748617	13586	118	1189	0.00743353912057452	0.0749023560539247	JAWNLB010000174.1_3900583
JAWNLB010000174.1	8400699	0.00615819777949667	1.23129753105992	775.191955836833	0	1	0	1.88888888888889	0.36574803392426	0.072027149792085	0.0182641672689587	0.000504171351296044	0.0209197221361911	0.00547373819324583	14117	119	1463	0.00749653521481668	0.0921632858762757	JAWNLB010000174.1_8400699
JAWNLB010000174.1	8701294	0.00615819777949667	1.23129753105992	775.191955836833	0	1	0	1.88888888888889	0.358167099818574	0.091463627656927	0.0114684202685613	0.000763681753726788	0.014669381127101	0.00561444434730781	14158	120	2920	0.00755953130905884	0.183948595187098	JAWNLB010000174.1_8701294
JAWNLB010000174.1	8850520	0.00615819777949667	1.23129753105992	775.191955836833	0	1	0	1.88888888888889	0.357679645983927	0.0634633250504674	0.0212653787998703	3.50856818936238e-05	0.0239517226454762	0.00555236220246979	14172	121	1134	0.007622527403301	0.071437570870606	JAWNLB010000174.1_8850520
JAWNLB010000174.1	8850609	0.00615819777949667	1.23129753105992	775.191955836833	0	1	0	1.88888888888889	0.357346979566167	0.063907799118572	0.0340820400453256	0.000286993299330179	0.053313304838313	0.00538089197458699	14178	122	1147	0.00768552349754315	0.0722565200957541	JAWNLB010000174.1_8850609
JAWNLB010000174.1	9001461	0.00615819777949667	1.23129753105992	775.191955836833	0	1	0	1.88888888888889	0.352691926051713	0.10053518520337	0.0143142199640342	0.000281121590795794	0.0201585234409384	0.00536838793164054	14192	123	5148	0.00774851959178531	0.324303893158624	JAWNLB010000174.1_9001461
JAWNLB010000174.1	9001539	0.00615819777949667	1.23129753105992	775.191955836833	0	1	0	1.88888888888889	0.354539440822033	0.0447919573630254	0.0262888967641708	0.000510273703395096	0.0322008577826163	0.00555690701108043	14198	124	673	0.00781151568602747	0.0423963714249717	JAWNLB010000174.1_9001539
JAWNLB010000174.1	9150214	0.00615819777949667	1.23129753105992	775.191955836833	0	1	0	1.88888888888889	0.358662575550526	0.0830259527599266	0.013351105814976	0.000643137051064476	0.0180984002769998	0.00555668258516078	14203	125	2050	0.00787451178026962	0.129141993196422	JAWNLB010000174.1_9150214
JAWNLB010000174.1	9150617	0.00615819777949667	1.23129753105992	775.191955836833	0	1	0	1.88888888888889	0.360139647606448	0.0762172564186735	0.0126205993988696	-3.20455914959629e-05	0.0147669683324512	0.00570434262886593	14209	126	1634	0.00793750787451178	0.102935617991685	JAWNLB010000174.1_9150617
JAWNLB010000174.1	9300773	0.00615819777949667	1.23129753105992	775.191955836833	0	1	0	1.88888888888889	0.360733045700235	0.0630272025505007	0.020310038566126	0.000588378508409257	0.0240295366371948	0.00536652736868247	14220	127	1121	0.00800050396875394	0.070618621645458	JAWNLB010000174.1_9300773
JAWNLB010000174.1	9750738	0.00615819777949667	1.23129753105992	775.191955836833	0	1	0	1.88888888888889	0.361896075333638	0.0803569838813129	0.013983757379161	0.00034809724973776	0.0185448456085275	0.00536037572464858	14286	128	1832	0.00806350006299609	0.115408844651632	JAWNLB010000174.1_9750738
JAWNLB010000174.1	9900232	0.00615819777949667	1.23129753105992	775.191955836833	0	1	0	1.88888888888889	0.366253074442641	0.0870530647653081	0.0121091243003339	-0.000264125759655369	0.0149481207422402	0.00560332949702812	14293	129	2454	0.00812649615723825	0.154592415270253	JAWNLB010000174.1_9900232
JAWNLB010000174.1	11250512	0.00615819777949668	-1.23129753200128	775.19196235714	0	17	0	0.111111111111111	0.363301164133592	0.0652811914485033	-0.000395891535778722	-0.0217310682257146	0.0296833470458047	0.00550667217710315	14459	161	1194	0.0101423711729873	0.0752173365251354	JAWNLB010000174.1_11250512
JAWNLB010000123.1	1350648	0.00642891617994909	0.0349538252674116	0.0195384293391071	0	13	3	0.388888888888889	0.92510580181617	0.0585494655749957	0.00467080343006984	0.00120804087216907	0.0050794516540033	0.00412306919649193	6059	162	998	0.0102053672672294	0.0628701020536727	JAWNLB010000123.1_1350648
JAWNLB010000013.1	1801866	0.00668761724255339	0.0158923053287866	0.00846960313664161	0	5	4	1.22222222222222	0.89890411119486	0.0808505223517609	0.00285515137139327	0.000413657142581638	0.00377328525842069	0.00318440591281558	350	163	1866	0.0102683633614716	0.117550711855865	JAWNLB010000013.1_1801866
JAWNLB010000161.1	2101907	0.0084351206596974	1.23683796997339	811.844641738491	0	1	1	1.83333333333333	0.534785986705936	0.0826811960140082	0.0288952414318457	0.00547184080606091	0.0309331798215447	0.00564834170209445	11425	164	1987	0.0103313594557137	0.125173239259166	JAWNLB010000161.1_2101907
JAWNLB010000020.1	1801318	0.00920489422545648	-0.0784792192991415	0.0732250941979965	0	1	1	1.83333333333333	0.948158048815751	0.0417239561570488	0.0185451812786257	0.00104754561118034	0.018190319453459	0.00501023293828043	727	166	610	0.0104573516441981	0.0384276174877158	JAWNLB010000020.1_1801318
JAWNLB010000020.1	2102181	0.00920489422545648	-0.0784792192991415	0.0732250941979965	0	1	1	1.83333333333333	0.9835357877092	0.0846385658247471	0.00957564777440554	0.00112716242097664	0.0110763405302383	0.00488709914096948	772	167	2350	0.0105203477384402	0.148040821469069	JAWNLB010000020.1_2102181
JAWNLB010000174.1	4200266	0.0101075652793527	0.018880366182591	0.0106252759434602	0	1	5	1.61111111111111	0.9584949232321	0.0558404051696317	0.00516415521516056	0.000563366394322803	0.00520989226169121	0.00371327440375339	13611	168	933	0.0105833438326824	0.0587753559279325	JAWNLB010000174.1_4200266
JAWNLB010000174.1	4200295	0.0101075652793527	0.018880366182591	0.0106252759434602	0	1	5	1.61111111111111	0.955414449230994	0.162503886134821	0.00381517764368537	0.00110947884877666	0.00465517580806184	0.00374364969565873	13612	169	9078	0.0106463399269245	0.571878543530301	JAWNLB010000174.1_4200295
JAWNLB010000144.1	7800160	0.0114619967706809	0.0050143089817266	0.00739956372304696	0	6	2	1.22222222222222	0.927741236656134	0.0377321493127527	-0.00650424023793426	-0.011177710535352	0.00619282622722347	0.00433602313154942	8009	170	545	0.0107093360211667	0.0343328713619756	JAWNLB010000144.1_7800160
JAWNLB010000020.1	7951696	0.0118221634572536	0.0141501652604116	0.00839263903523154	0	2	5	1.5	0.783347069375059	0.133830119039875	0.0016185994370846	-0.001143572616899	0.00418611300332173	0.00346942525162417	1459	171	6924	0.0107723321154088	0.436184956532695	JAWNLB010000020.1_7951696
JAWNLB010000116.1	5250207	0.0124444489368003	0.0176815109848853	0.0099742700403812	0	1	5	1.61111111111111	0.918798614947176	0.142495426178852	0.00446508491757628	0.000611715257875886	0.00485087211017847	0.00371370789122	5364	172	7707	0.010835328209651	0.485510898324304	JAWNLB010000116.1_5250207
JAWNLB010000174.1	13500282	0.0124658891491554	-0.0323662985562055	0.0226011911216811	0	2	1	1.72222222222222	0.983306254839434	0.0523022586856398	0.00453120062081628	-0.00115559310709191	0.00643614693571664	0.00419490397512974	14730	173	865	0.0108983243038932	0.0544916215194658	JAWNLB010000174.1_13500282
JAWNLB010000144.1	1500214	0.0126706209891629	0.0129678192276454	0.0116965363926585	0	12	4	0.444444444444444	0.944849900446652	0.0819541458358102	-0.00311626036860406	-0.00636738896694291	0.00483154637459495	0.00383784967904989	7259	174	1948	0.0109613203981353	0.122716391583722	JAWNLB010000144.1_1500214
JAWNLB010000147.1	2700262	0.0148759266241821	0.0140364694219004	0.00846671167552955	0	6	7	0.944444444444444	0.871674223626679	0.195520334784792	0.00210912537914563	-2.43774478215613e-05	0.0037994272232417	0.00310917152489981	10316	175	10202	0.0110243164923775	0.642686153458486	JAWNLB010000147.1_2700262
JAWNLB010000070.1	8250772	0.0169314895921968	-0.0522361023594192	0.0453102364744807	0	1	1	1.83333333333333	0.97906027427455	0.0476566123960885	0.0141348201599301	0.00102450564254335	0.0137712066908487	0.00488129941484042	2856	176	763	0.0110873125866196	0.0480660199067658	JAWNLB010000070.1_8250772
JAWNLB010000013.1	2700172	0.0175191648514572	0.014326431648383	0.00813800405193672	0	5	5	1.16666666666667	0.975367275432629	0.0646348945306357	0.0028385218008475	0.00105883194756222	0.00358599225327937	0.00319417399621969	454	177	1172	0.0111503086808618	0.073831422451808	JAWNLB010000013.1_2700172
JAWNLB010000123.1	1800692	0.0176357468354708	0.0122927156701207	0.00993203950194086	0	11	5	0.5	0.931965984412382	0.117364770772596	-0.00179128853535995	-0.00440596063862695	0.00429368673746977	0.00352204082596054	6106	178	6314	0.0112133047751039	0.397757339044979	JAWNLB010000123.1_1800692
JAWNLB010000174.1	3600550	0.0195412337492109	0.00976371613626118	0.00651500692949678	0	5	9	0.944444444444444	0.910572918204888	0.158245580435597	-0.000235321722075491	-0.00229726450686207	0.00364643925848684	0.00310767769774809	13551	179	8878	0.0112763008693461	0.55927932468187	JAWNLB010000174.1_3600550
JAWNLB010000070.1	6900188	0.0195675781771674	0.0131260665351762	0.00846243846777906	0	7	8	0.777777777777778	0.831418994564297	0.0749398630896835	0.00153382953011516	-0.000605915400231871	0.00369771400108795	0.00314989973857467	2686	180	1579	0.0113392969635883	0.0994708328083659	JAWNLB010000070.1_6900188
JAWNLB010000020.1	2102087	0.0205144817128697	-0.0135555482956001	0.00930871040772745	0	2	7	1.38888888888889	0.893951503256594	0.144920723555374	0.00166851096196385	-0.000518969935983395	0.00386494599322375	0.00328415085356042	762	181	7859	0.0114022930578304	0.495086304649112	JAWNLB010000020.1_2102087
JAWNLB010000123.1	1650880	0.0205985464864309	0.0162915774606085	0.00814418202423648	0	2	4	1.55555555555556	0.968031568744383	0.0383419014505109	0.00513475622825113	0.00260519411355265	0.00468688834456006	0.00374144717706899	6093	182	553	0.0114652891520726	0.0348368401159128	JAWNLB010000123.1_1650880
JAWNLB010000174.1	2250409	0.0211149089214378	-0.0352142300540057	0.0257129278703038	0	1	2	1.77777777777778	0.735723441613376	0.0985057868788544	0.00325160748142695	-0.00194904960220819	0.00647603488510876	0.00440083046504906	13388	183	5053	0.0115282852463147	0.318319264205619	JAWNLB010000174.1_2250409
JAWNLB010000090.1	2550433	0.0217331183454098	0.00607215912255883	0.00732249170505755	0	2	6	1.44444444444444	0.968873220347169	0.110605072515237	-0.00408641255289813	-0.0070092365630962	0.00519149941674738	0.00413249560910886	3406	184	5556	0.0115912813405569	0.350006299609424	JAWNLB010000090.1_2550433
JAWNLB010000174.1	13800405	0.0225606173349805	-0.0257098473312157	0.0265536598722463	0	2	0	1.77777777777778	0.937713679384433	0.0167951806721616	0.0190896339200655	0.00279120493684683	0.0159052645091969	0.0045742329035598	14766	186	298	0.0117172735290412	0.0187728360841628	JAWNLB010000174.1_13800405
JAWNLB010000174.1	16950626	0.0225606173349805	-0.0257098473312157	0.0265536598722463	0	2	0	1.77777777777778	0.958543416680206	0.0200927399330607	0.0178588729180934	0.00184273870388596	0.014399595850847	0.00452516971018547	15138	187	357	0.0117802696232834	0.02248960564445	JAWNLB010000174.1_16950626
JAWNLB010000174.1	11850406	0.0235643771690146	0.00380092736310509	0.00693034391615083	0	4	4	1.33333333333333	0.955374111885486	0.0764938644100549	-0.00612481454088358	-0.00982626132517436	0.00596277795982244	0.0043214830841984	14532	188	1646	0.0118432657175255	0.10369157112259	JAWNLB010000174.1_11850406
JAWNLB010000144.1	13950960	0.023842469756998	-0.0245745539423442	0.0261147606030003	0	1	2	1.77777777777778	0.908474577245409	0.0728576755626958	0.0111127197539655	0.00230223126804165	0.0114717754978772	0.00462241084926767	8757	189	1508	0.0119062618117677	0.0949981101171727	JAWNLB010000144.1_13950960
JAWNLB010000174.1	19201006	0.0250706290132088	0.011416813099264	0.00923630864338173	0	1	4	1.66666666666667	0.887309638141652	0.0640658626928438	-0.000393913281027059	-0.00542095270335296	0.00613612235682157	0.00425916331229055	15419	190	1153	0.0119692579060098	0.072634496661207	JAWNLB010000174.1_19201006
JAWNLB010000114.1	750577	0.0251727223191198	-0.0282135116904595	0.0165783769797157	0	1	4	1.66666666666667	0.97346401292772	0.0680789019155068	-0.00210123545425328	-0.00680916414578535	0.00642987037938049	0.00455264755419768	3953	191	1295	0.012032254000252	0.0815799420435933	JAWNLB010000114.1_750577
JAWNLB010000020.1	1201580	0.0253714499603444	-0.0405429806888136	0.036476485397092	0	0	3	1.83333333333333	0.982336620751126	0.14073574813141	0.00852103182788753	0.00203258258948173	0.0102399562311501	0.00519878620110363	656	192	7597	0.0120952500944941	0.478581327957667	JAWNLB010000020.1_1201580
JAWNLB010000114.1	3750507	0.0255942352840257	-0.022435335585456	0.0152085282057337	0	16	1	0.166666666666667	0.907729304524336	0.0656996039181001	0.00145966107784406	-0.00737980471423225	0.00951196657983675	0.00496614679167369	4320	193	1209	0.0121582461887363	0.0761622779387678	JAWNLB010000114.1_3750507
JAWNLB010000114.1	1350762	0.0259577840291492	0.0169168895487272	0.0117282061484647	0	1	2	1.77777777777778	0.735459523975697	0.1129868332016	0.00139612788712971	-0.00165095796412007	0.00703497972212613	0.00465319596499531	4031	194	5647	0.0122212422829785	0.35573894418546	JAWNLB010000114.1_1350762
JAWNLB010000147.1	6300747	0.0262241359959379	0.0139942928461207	0.00869545870188135	0	6	8	0.888888888888889	0.925461258844003	0.102820353553523	0.00359056626792138	0.000347414697527125	0.00391068579943675	0.00317685720019282	10751	195	5243	0.0122842383772206	0.330288522111629	JAWNLB010000147.1_6300747
JAWNLB010000174.1	8550615	0.0263742484937645	0.0205691186779799	0.0121772876867574	0	7	2	1.11111111111111	0.88829566477837	0.0800634428566635	0.00712554900373823	0.00365030156058273	0.00465443566179613	0.00356532749191934	14145	196	1819	0.0123472344714628	0.114589895426484	JAWNLB010000174.1_8550615
JAWNLB010000013.1	1500172	0.0265477505611194	-0.0371063860632537	0.0228764753935625	0	2	1	1.72222222222222	0.940650078163727	0.0368787922458025	-0.00436426464568513	-0.0103363704102488	0.0076509252511547	0.00551411749433366	311	197	531	0.0124102305657049	0.0334509260425854	JAWNLB010000013.1_1500172
JAWNLB010000174.1	21001305	0.0265477505611194	-0.0371063860632537	0.0228764753935625	0	2	1	1.72222222222222	0.950287044918643	0.0432730202916295	-0.00432993989851958	-0.00945398332651402	0.00765918058040886	0.00545510194498474	15638	198	639	0.0124732266599471	0.0402545042207383	JAWNLB010000174.1_21001305
JAWNLB010000174.1	21151096	0.0265477505611194	-0.0371063860632537	0.0228764753935625	0	2	1	1.72222222222222	0.935769959665834	0.0465788796882189	-0.00494436556618005	-0.0111522885544641	0.00795185641650503	0.00541231121026699	15643	199	730	0.0125362227541892	0.0459871487967746	JAWNLB010000174.1_21151096
JAWNLB010000070.1	7050861	0.0267504242702667	0.00878890126154184	0.00746258206410121	0	10	5	0.611111111111111	0.954937114994417	0.0724843865918045	-0.00137289555983096	-0.0040151417612275	0.00412378598588559	0.00342566354794339	2712	200	1480	0.0125992188484314	0.0932342194783923	JAWNLB010000070.1_7050861
JAWNLB010000020.1	4351809	0.0279642999268527	0.021614575912887	0.0147948345594014	0	1	1	1.83333333333333	0.912812763207802	0.0765672369055901	0.00540109105425376	-0.00159508848293565	0.00864596689993249	0.0047195071970737	1028	201	1649	0.0126622149426736	0.103880559405317	JAWNLB010000020.1_4351809
JAWNLB010000115.1	1800143	0.0279642999268527	0.021614575912887	0.0147948345594014	0	1	1	1.83333333333333	0.915556159653452	0.0564251302439344	0.00669954053105657	-0.0024959361306187	0.0112857389839313	0.00511471334326955	4579	202	945	0.0127252110369157	0.0595313090588384	JAWNLB010000115.1_1800143
JAWNLB010000123.1	8850654	0.0279758721487561	0.0163966130792666	0.0115502202524243	0	1	2	1.77777777777778	0.735558370836392	0.11383644939331	0.00234659849585477	-0.00240551722761083	0.00759590517289446	0.00468475882787286	6956	203	5680	0.0127882071311579	0.357817815295452	JAWNLB010000123.1_8850654
JAWNLB010000013.1	3000143	0.0281744923753295	-0.0224533485976097	0.0175121088689832	0	2	1	1.72222222222222	0.971152259277051	0.054845752824552	0.00469451554053891	0.000101149056594925	0.00627731520337921	0.00414908809362723	487	204	914	0.0128512032254	0.0575784301373315	JAWNLB010000013.1_3000143
JAWNLB010000115.1	1800133	0.0281744923753295	-0.0224533485976097	0.0175121088689832	0	2	1	1.72222222222222	0.982530707247968	0.0456456736683169	0.00727454027763472	-0.000255564601352187	0.00759741716909162	0.00411530456731516	4577	205	700	0.0129141993196422	0.0440972659695099	JAWNLB010000115.1_1800133
JAWNLB010000174.1	14400627	0.028477054866177	-0.0213704351034463	0.0142990796491409	0	2	2	1.66666666666667	0.841843565135873	0.0507404434166752	0.00172980968246959	-0.00254090872087276	0.00578161875605671	0.00389244582820466	14840	206	822	0.0129771954138843	0.051782789467053	JAWNLB010000174.1_14400627
JAWNLB010000048.1	750297	0.0292979134576551	0.0129021476393976	0.00996245995141182	0	1	3	1.72222222222222	0.980275732323643	0.0925619180724514	2.99627095952067e-05	-0.00347509959133607	0.00653759465996218	0.00435476081729616	1635	207	2977	0.0130401915081265	0.187539372558901	JAWNLB010000048.1_750297
JAWNLB010000115.1	3150222	0.0295189586180333	0.012856933850398	0.00994874471342804	0	2	1	1.72222222222222	0.983496054448691	0.0199521582752783	0.00102163056929187	-0.00392814755204146	0.00710059703226454	0.00440003729638214	4733	208	356	0.0131031876023687	0.0224266095502079	JAWNLB010000115.1_3150222
JAWNLB010000144.1	3000127	0.029983758941058	0.0159185853422157	0.0113904657805122	0	2	0	1.77777777777778	0.739364236085084	0.0332884877103944	0.00440795028249531	-0.00356196319096263	0.00816860253734285	0.00472954679951262	7433	209	491	0.0131661836966108	0.0309310822728991	JAWNLB010000144.1_3000127
JAWNLB010000174.1	20701414	0.0302021881151172	0.0158687160013853	0.0113740083719956	0	2	0	1.77777777777778	0.739457575824763	0.0336949119193251	0.00302472759728545	-0.00282296794887245	0.0081007563504455	0.00453411385830034	15604	210	494	0.013229179790853	0.0311200705556256	JAWNLB010000174.1_20701414
JAWNLB010000174.1	20851683	0.0302021881151172	0.0158687160013853	0.0113740083719956	0	2	0	1.77777777777778	0.73941696270634	0.0359395692601868	0.00276250005517807	-0.00220108365808045	0.00816863163300807	0.0044580113668307	15615	211	518	0.0132921758850951	0.0326319768174373	JAWNLB010000174.1_20851683
JAWNLB010000144.1	12450306	0.0302696426517366	0.0233975319361881	0.0136696744710819	0	10	7	0.5	0.940064193998303	0.149197461679779	0.0061203321560092	0.00247147919170959	0.00508594814318206	0.00407829197618272	8576	212	8130	0.0133551719793373	0.512158246188736	JAWNLB010000144.1_12450306
JAWNLB010000144.1	17400450	0.0305996847918299	0.0207994463360968	0.0144028564138884	0	1	1	1.83333333333333	0.914446466326692	0.0678537513293508	0.00721303995606816	-0.00169493912541185	0.00901107801770379	0.00491571170459805	9175	213	1289	0.0134181680735794	0.0812019654781404	JAWNLB010000144.1_17400450
JAWNLB010000162.1	4951056	0.0305996847918299	0.0207994463360968	0.0144028564138884	0	1	1	1.83333333333333	0.913477871801126	0.0723386197390426	0.00555106103445651	-0.00158697271225564	0.00933784255583435	0.00476126040925577	12572	214	1477	0.0134811641678216	0.0930452311956659	JAWNLB010000162.1_4951056
JAWNLB010000174.1	16652610	0.0312095805526091	-0.0206032341586236	0.014022324960485	0	2	2	1.66666666666667	0.836151519840057	0.0533351729959646	0.00358730024594927	-0.00382928766089309	0.00617110169176254	0.00395038713297462	15114	215	883	0.0135441602620638	0.0556255512158246	JAWNLB010000174.1_16652610
JAWNLB010000090.1	2700394	0.0318493386319392	0.0440609908469421	0.0364913301988142	0	15	3	0.166666666666667	0.949438332798174	0.193262798579272	0.00292184589108029	0.000321510622874859	0.00732858768318569	0.0053027102114253	3423	216	10128	0.0136071563563059	0.638024442484566	JAWNLB010000090.1_2700394
JAWNLB010000020.1	2851402	0.0325441824223091	0.0358041681429278	0.0361274712863806	0	0	2	1.88888888888889	0.902858529352019	0.138952715588514	0.00928137168555036	0.000582364409514749	0.011757649019555	0.00590615903858965	848	217	7170	0.0136701524505481	0.451681995716266	JAWNLB010000020.1_2851402
JAWNLB010000116.1	4800664	0.0325441824223091	0.0358041681429278	0.0361274712863806	0	0	2	1.88888888888889	0.901759347145389	0.138293860461998	0.00905993426719568	0.000212119918980205	0.0120823829219971	0.00571465421301626	5326	219	7138	0.0137961446390324	0.449666120700517	JAWNLB010000116.1_4800664
JAWNLB010000116.1	900382	0.0325441824223091	0.0358041681429278	0.0361274712863806	0	0	2	1.88888888888889	0.92397542427991	0.166363108212498	0.00857987148048493	0.000701107801810545	0.0115283141437977	0.00588502884554142	4846	218	9217	0.0137331485447902	0.580635000629961	JAWNLB010000116.1_900382
JAWNLB010000123.1	7950656	0.0325441824223091	0.0358041681429278	0.0361274712863806	0	0	2	1.88888888888889	0.923970483318509	0.137004139891817	0.00853798534479914	0.000720333756125528	0.0119954281517015	0.0055834051433336	6851	220	7068	0.0138591407332745	0.445256394103566	JAWNLB010000123.1_7950656
JAWNLB010000144.1	18150530	0.0325441824223091	0.0358041681429278	0.0361274712863806	0	0	2	1.88888888888889	0.889722717680191	0.13724488013182	0.00856467321566083	0.000396257035769515	0.0121067501490677	0.0057981371864267	9266	224	7082	0.0141111251102432	0.446138339422956	JAWNLB010000144.1_18150530
JAWNLB010000144.1	3450204	0.0325441824223091	0.0358041681429278	0.0361274712863806	0	0	2	1.88888888888889	0.90944057457408	0.129858657478168	0.00911107644150065	0.000420748574712166	0.01269144011925	0.0061633907088522	7494	221	6773	0.0139221368275167	0.426672546302129	JAWNLB010000144.1_3450204
JAWNLB010000144.1	3450254	0.0325441824223091	0.0358041681429278	0.0361274712863806	0	0	2	1.88888888888889	0.921647383611494	0.140955438255399	0.00816630444602947	-0.000175796690468325	0.0143418607144798	0.00583759476235339	7499	222	7611	0.0139851329217589	0.479463273277057	JAWNLB010000144.1_3450254
JAWNLB010000144.1	3450280	0.0325441824223091	0.0358041681429278	0.0361274712863806	0	0	2	1.88888888888889	0.870128269471126	0.132164840829111	0.00806347404911127	0.000557931102969261	0.0119863445702934	0.0058017241428703	7500	223	6854	0.014048129016001	0.431775229935744	JAWNLB010000144.1_3450280
JAWNLB010000145.1	3450959	0.0325441824223091	0.0358041681429278	0.0361274712863806	0	0	2	1.88888888888889	0.900244571904568	0.162470713481091	0.00838816410404786	0.000717932961794952	0.0120752858490061	0.00586025870916216	9912	225	9077	0.0141741212044853	0.571815547436059	JAWNLB010000145.1_3450959
JAWNLB010000147.1	1800069	0.0325441824223091	0.0358041681429278	0.0361274712863806	0	0	2	1.88888888888889	0.928721524818265	0.158798949986592	0.00927495673453941	0.00031061021667158	0.0128777193514615	0.00588108928293928	10205	226	8912	0.0142371172987275	0.561421191886103	JAWNLB010000147.1_1800069
JAWNLB010000147.1	1800193	0.0325441824223091	0.0358041681429278	0.0361274712863806	0	0	2	1.88888888888889	0.918117695866298	0.128660068330135	0.00686571843054429	0.000295826003360257	0.0115772117441629	0.00566428392012812	10213	227	6710	0.0143001133929696	0.422703792364873	JAWNLB010000147.1_1800193
JAWNLB010000174.1	12900579	0.0326049688449283	0.0189293578020701	0.00923224832284749	0	2	2	1.66666666666667	0.939485466778528	0.0664496972941573	0.00914587726846987	0.00475392895217076	0.00635867192622516	0.00450376741210462	14659	228	1234	0.0143631094872118	0.0777371802948217	JAWNLB010000174.1_12900579
JAWNLB010000174.1	17850391	0.0331533994672473	0.00989137842654316	0.0087956482326991	0	1	4	1.66666666666667	0.89408796768265	0.0580888019507534	-0.00041718809901879	-0.00462073591180948	0.00614950328895858	0.00435024998246852	15246	229	987	0.0144261055814539	0.0621771450170089	JAWNLB010000174.1_17850391
JAWNLB010000161.1	4201716	0.0340410784045787	0.0172735575607241	0.0225533801824409	0	15	2	0.222222222222222	0.926307503515456	0.0750393141789602	-0.00287469840484639	-0.0128581966179079	0.0118160993879924	0.00470874650857752	11665	230	1585	0.0144891016756961	0.0998488093738188	JAWNLB010000161.1_4201716
JAWNLB010000114.1	2700381	0.0344389902602587	0.0149724686434085	0.0110849776410691	0	1	2	1.77777777777778	0.743552950363039	0.117911099873627	0.00202839316635571	-0.00378725705996867	0.00712034116808126	0.00469869516317194	4179	231	6340	0.0145520977699383	0.399395237495275	JAWNLB010000114.1_2700381
JAWNLB010000123.1	1350588	0.0346727032738932	0.0327385465670116	0.0320385435380238	0	16	1	0.166666666666667	0.955176262005139	0.0681892918779282	-0.00133866573181196	-0.0122162447291634	0.0139161169988731	0.00511644841175735	6057	232	1299	0.0146150938641804	0.0818319264205619	JAWNLB010000123.1_1350588
JAWNLB010000144.1	11550345	0.0346727032738932	-0.0327385465670116	0.0320385435380237	0	1	1	1.83333333333333	0.9546814252152	0.0437602159101453	0.0154537427043459	0.00175603694662448	0.0145321793009524	0.00501687348949247	8466	233	646	0.0146780899584226	0.0406954768804334	JAWNLB010000144.1_11550345
JAWNLB010000144.1	16500324	0.0346727032738932	-0.0327385465670116	0.0320385435380237	0	1	1	1.83333333333333	0.879499805734145	0.0542401142100068	0.0123166571214375	0.0016536150341604	0.0140943537308233	0.00485771060428312	9061	234	898	0.0147410860526647	0.056570492629457	JAWNLB010000144.1_16500324
JAWNLB010000144.1	5250421	0.0351884975448161	-0.00855596340526055	0.006439824207038	0	4	7	1.16666666666667	0.965520005152668	0.10470040139645	0.00224917966421182	0.000159000259991086	0.003662949913922	0.00314145307732138	7719	236	5311	0.014867078241149	0.334572256520096	JAWNLB010000144.1_5250421
JAWNLB010000162.1	1800793	0.0358446068846487	-0.0162515705894738	0.0218370693483927	0	1	2	1.77777777777778	0.94418541854141	0.0206083072810253	0.0204477250067672	0.00291523940147994	0.0166207612628913	0.00464343323540517	12197	237	362	0.0149300743353912	0.0228045861156608	JAWNLB010000162.1_1800793
JAWNLB010000174.1	19950965	0.0370077235230659	0.0144854625050038	0.0109332999940415	0	1	2	1.77777777777778	0.748402611028584	0.132087084002077	0.000712660905060027	-0.00297944009659666	0.00694822148003779	0.00470872753643438	15501	238	6851	0.0149930704296334	0.431586241653018	JAWNLB010000174.1_19950965
JAWNLB010000144.1	14700516	0.0372573887900646	0.683401728116825	680.143318088681	0	16	2	0.111111111111111	0.954346044882965	0.185030877944376	0.00766658475054522	0.00349869486548705	0.0104782144449793	0.00722140208285715	8853	239	9818	0.0150560665238755	0.618495653269497	JAWNLB010000144.1_14700516
JAWNLB010000174.1	6000565	0.0372573887900646	0.683401728116825	680.143318088681	0	16	2	0.111111111111111	0.972734244653544	0.185747782856434	0.0088906371968495	0.00373942203873653	0.0114402506629056	0.00740175978558396	13828	240	9845	0.0151190626181177	0.620196547814036	JAWNLB010000174.1_6000565
JAWNLB010000020.1	3301974	0.0372573887900646	-0.683401729514095	680.143332611432	0	0	2	1.88888888888889	0.971828869263338	0.202637463080293	-0.00376814488938919	-0.00957065231360352	0.0126203080131747	0.00750015902760977	911	241	10459	0.0151820587123598	0.65887614967872	JAWNLB010000020.1_3301974
JAWNLB010000020.1	3302244	0.0372573887900646	-0.683401729514095	680.143332611432	0	0	2	1.88888888888889	0.95267702259806	0.163797285096261	-0.00364677824835774	-0.0100861415923534	0.0123354315183483	0.00737961988764699	918	242	9128	0.015245054806602	0.575028348242409	JAWNLB010000020.1_3302244
JAWNLB010000020.1	4651256	0.0372573887900646	-0.683401729514095	680.143332611432	0	0	2	1.88888888888889	0.970669892268619	0.157331543529606	-0.00342808578792406	-0.00908378360339117	0.0113681649406356	0.0071790088120256	1063	243	8806	0.0153080509008441	0.554743605896434	JAWNLB010000020.1_4651256
JAWNLB010000070.1	3600425	0.0372573887900646	-0.683401729514095	680.143332611432	0	0	2	1.88888888888889	0.957292707775964	0.164732667904004	-0.00357203416854626	-0.0073626905139509	0.0108440657941433	0.00709223527478108	2296	244	9163	0.0153710469950863	0.577233211540884	JAWNLB010000070.1_3600425
JAWNLB010000144.1	6450449	0.0372573887900646	-0.683401729514095	680.143332611432	0	0	2	1.88888888888889	0.967852515503117	0.181599448244704	-0.00376276016193863	-0.0084645140055092	0.0111427377226635	0.00714897006291186	7855	245	9734	0.0154340430893285	0.613203981353156	JAWNLB010000144.1_6450449
JAWNLB010000144.1	9000462	0.0372573887900646	-0.683401729514095	680.143332611432	0	0	2	1.88888888888889	0.970483124729901	0.161976101164168	-0.0043573016272533	-0.00938745574782489	0.0123365754206096	0.0073105892550346	8159	246	9055	0.0154970391835706	0.570429633362732	JAWNLB010000144.1_9000462
JAWNLB010000147.1	7950520	0.0372573887900646	-0.683401729514095	680.143332611432	0	0	2	1.88888888888889	0.956245660494433	0.176477288748186	-0.00295852438429325	-0.00997737925146706	0.011853737978279	0.00728392128641161	10953	247	9567	0.0155600352778128	0.602683633614716	JAWNLB010000147.1_7950520
JAWNLB010000161.1	2551754	0.0372573887900646	-0.683401729514095	680.143332611432	0	0	2	1.88888888888889	0.967477510641804	0.190330050799018	-0.00349091683157229	-0.00913491057278608	0.01146123534395	0.00723959813162566	11478	248	10015	0.0156230313720549	0.630905883835202	JAWNLB010000161.1_2551754
JAWNLB010000174.1	6450347	0.0372573887900646	-0.683401729514095	680.143332611432	0	0	2	1.88888888888889	0.980072219406939	0.175438365028911	-0.00372857731430968	-0.00816753451825407	0.0110132449829101	0.00712158532179106	13885	249	9515	0.0156860274662971	0.599407836714124	JAWNLB010000174.1_6450347
JAWNLB010000115.1	1650239	0.0372781164555716	-0.0154915420461096	0.0212523253008562	0	2	0	1.77777777777778	0.944131235537275	0.0376952193735867	0.0154130477283071	0.00222741049927422	0.0135216563559598	0.00447933941511821	4554	250	544	0.0157490235605392	0.0342698752677334	JAWNLB010000115.1_1650239
JAWNLB010000174.1	13350383	0.0372781164555716	-0.0154915420461096	0.0212523253008562	0	2	0	1.77777777777778	0.91656761829456	0.0339575803546925	0.0150309086782736	0.00220243523418713	0.0126353404260586	0.00453309464649531	14713	251	496	0.0158120196547814	0.0312460627441099	JAWNLB010000174.1_13350383
JAWNLB010000115.1	1500637	0.0376585639411462	0.0136631959062432	0.00733840531760366	0	3	2	1.55555555555556	0.967805393832688	0.0301113569479301	0.00546837821599024	0.00128884191411013	0.00484856140556128	0.00367367464638535	4544	252	454	0.0158750157490236	0.0286002267859393	JAWNLB010000115.1_1500637
JAWNLB010000145.1	1200441	0.0377861262628919	-0.0306765874449488	0.0310436493227218	0	1	1	1.83333333333333	0.959118706443327	0.0756322995367841	0.0105005585784552	0.00192692814407501	0.0112925193936083	0.00490059400932557	9637	253	1606	0.0159380118432657	0.101171727352904	JAWNLB010000145.1_1200441
JAWNLB010000174.1	2551492	0.0377861262628919	-0.0306765874449488	0.0310436493227218	0	1	1	1.83333333333333	0.962187747389051	0.0491893675760597	0.0105664009218303	0.000777605103788672	0.0121857802975459	0.00496366874808123	13421	254	795	0.0160010079375079	0.0500818949225148	JAWNLB010000174.1_2551492
JAWNLB010000115.1	1800071	0.0393402066784017	0.0186116387043069	0.0134373038936338	0	1	1	1.83333333333333	0.907203351824349	0.0774515629857658	0.00296018780592765	-0.00215963685120604	0.00816036885669078	0.00495336633815728	4572	255	1689	0.01606400403175	0.106400403175003	JAWNLB010000115.1_1800071
JAWNLB010000174.1	8850611	0.0393402066784017	0.0186116387043069	0.0134373038936338	0	1	1	1.83333333333333	0.898347368088775	0.0650872755621013	0.00576530679264485	-0.00279001614749652	0.00848955023643793	0.00483723678935543	14180	256	1186	0.0161270001259922	0.0747133677711982	JAWNLB010000174.1_8850611
JAWNLB010000020.1	2102067	0.03997857118875	-0.0186845170170748	0.0158627741684662	0	1	3	1.72222222222222	0.988523485426712	0.0960761197772463	0.00443647704815906	-0.00024320502313186	0.0060380888675759	0.00410194224423309	760	257	3554	0.0161899962202343	0.223888118936626	JAWNLB010000020.1_2102067
JAWNLB010000116.1	900463	0.0405073372970369	-0.031522660417395	0.0200502786877154	0	0	4	1.77777777777778	0.908020144516572	0.187247922300732	-0.00308023345866177	-0.00573953494680597	0.00677425571180548	0.00552461000303388	4852	258	9916	0.0162529923144765	0.624669270505229	JAWNLB010000116.1_900463
JAWNLB010000161.1	4351698	0.0407021114832682	0.018323534859922	0.0133190224289181	0	0	3	1.83333333333333	0.899277195845151	0.0808157060373626	0.00542706178031314	-0.000902496467270067	0.00897906296066519	0.00532425747833272	11683	259	1864	0.0163159884087187	0.117424719667381	JAWNLB010000161.1_4351698
JAWNLB010000144.1	15150745	0.0412212674978082	-0.0360407167369255	0.035574225377859	0	15	3	0.166666666666667	0.969385533227458	0.216286901889931	-0.00563154265273787	-0.0127734969266287	0.010391797730026	0.00563193892837181	8899	260	11016	0.0163789845029608	0.693964974171601	JAWNLB010000144.1_15150745
JAWNLB010000174.1	15450293	0.0412245281917673	-0.0136261055739898	0.0196238285460787	0	2	0	1.77777777777778	0.894990633425708	0.0172153968567354	0.0233617173012121	0.00270056916815451	0.0200065047246791	0.00457198692205212	14964	263	301	0.0165679727856873	0.0189618243668893	JAWNLB010000174.1_15450293
JAWNLB010000174.1	7950528	0.0412245281917673	-0.0136261055739898	0.0196238285460787	0	2	0	1.77777777777778	0.949804839344708	0.0125332053621695	0.019748189641562	0.00241952162289181	0.0164095045697951	0.00464044425793144	14072	261	279	0.016441980597203	0.0175759102935618	JAWNLB010000174.1_7950528
JAWNLB010000174.1	8701292	0.0412245281917673	-0.0136261055739898	0.0196238285460787	0	2	0	1.77777777777778	0.913054741155913	0.0248547786891505	0.0159514464426987	0.00313682073284433	0.0130245412958648	0.00468809042769298	14157	262	406	0.0165049766914451	0.0255764142623157	JAWNLB010000174.1_8701292
JAWNLB010000090.1	750546	0.0412463387235152	-0.0285920988023918	0.0300992214604043	0	1	1	1.83333333333333	0.966015407433899	0.0598246629861423	0.0136355242325864	0.00161690419204378	0.0121762379124449	0.00511917313131069	3189	264	1036	0.0166309688799294	0.0652639536348746	JAWNLB010000090.1_750546
JAWNLB010000145.1	3450946	0.0412463387235152	-0.0285920988023918	0.0300992214604043	0	1	1	1.83333333333333	0.986239170909928	0.0437160938879472	0.0128315885213289	0.00209313612110941	0.0122202647020938	0.00483492532086509	9911	265	644	0.0166939649741716	0.0405694846919491	JAWNLB010000145.1_3450946
JAWNLB010000144.1	6900346	0.0413620842995176	0.0108494778155747	0.00937805058512445	0	2	1	1.72222222222222	0.982148296990742	0.0952157557175178	-0.000335147779193897	-0.00406767150483364	0.00672022065677158	0.00445261968269927	7912	266	3089	0.0167569610684138	0.194594935114023	JAWNLB010000144.1_6900346
JAWNLB010000174.1	8250225	0.0418302657687636	0.0136618384326764	0.0106854760152731	0	2	0	1.77777777777778	0.757132413455991	0.0279110126089872	0.00215876224646492	-0.00388939638753542	0.00863724553898517	0.00458222544389171	14105	268	427	0.0168829532568981	0.026899332241401	JAWNLB010000174.1_8250225
JAWNLB010000013.1	1201336	0.0423329336507289	0.0135818550823537	0.0106619957915433	0	1	2	1.77777777777778	0.757044742942342	0.114946402930283	0.00223856350355718	-0.00326313192854275	0.00746897614282042	0.00472668048111563	281	269	6232	0.0169459493511402	0.392591659317122	JAWNLB010000013.1_1201336
JAWNLB010000144.1	18300300	0.042625435223285	0.00853822734848271	0.00844984116553483	0	2	2	1.66666666666667	0.945903640021074	0.0609320581682165	-0.00133217769671678	-0.00485985227934397	0.00589219325814931	0.0043343889309531	9276	270	1071	0.0170089454453824	0.0674688169333501	JAWNLB010000144.1_18300300
JAWNLB010000174.1	20851855	0.0427328146819564	-0.00783826795798806	0.00681591814608592	0	5	2	1.33333333333333	0.9351254411605	0.0486020300780309	0.00370389563367779	0.000989714775444861	0.00395903627877872	0.00328444440231573	15617	271	778	0.0170719415396245	0.0490109613203981	JAWNLB010000174.1_20851855
JAWNLB010000147.1	7500229	0.0430348104364813	-0.0128740240159648	0.0188946577850954	0	1	2	1.77777777777778	0.967118825092226	0.0424198749860592	0.0153966256543783	0.00313030286889947	0.0146532109349594	0.00472106850726965	10893	272	617	0.0171349376338667	0.0388685901474109	JAWNLB010000147.1_7500229
JAWNLB010000174.1	12000232	0.0433403128503897	0.0213331651977048	0.0106770832908192	0	2	1	1.72222222222222	0.972325804951652	0.0571597886003282	0.011868791569189	0.00601528641777394	0.00845649823985936	0.00526251446097138	14544	273	965	0.0171979337281089	0.0607912309436815	JAWNLB010000174.1_12000232
JAWNLB010000013.1	1202064	0.0436727817966089	-0.0235638096114091	0.0136709416991383	0	3	5	1.38888888888889	0.925028964751467	0.10852510722081	-0.00503366356992624	-0.00815549731165246	0.0055780425493951	0.00414874496940185	286	274	5457	0.017260929822351	0.343769686279451	JAWNLB010000013.1_1202064
JAWNLB010000144.1	6001126	0.0442359921871882	-0.0176256528896173	0.0130406420899619	0	15	3	0.166666666666667	0.894781090911231	0.170401768205363	0.00145539833494183	-0.00315557022739808	0.00848735662852978	0.00536887758153926	7808	275	9348	0.0173239259165932	0.588887488975684	JAWNLB010000144.1_6001126
JAWNLB010000115.1	1650635	0.0444039076020297	0.0308849581942051	0.0193201522591402	0	2	0	1.77777777777778	0.826838556936648	0.0610475132332538	0.0187439762532186	0.00955862323666751	0.0146825161116603	0.00727752180881263	4559	276	1076	0.0173869220108353	0.0677837974045609	JAWNLB010000115.1_1650635
JAWNLB010000174.1	13050610	0.0444039076020297	0.0308849581942051	0.0193201522591402	0	2	0	1.77777777777778	0.840762346890228	0.0534416230557132	0.0235100135127287	0.00957592820724624	0.0154408176130124	0.00716536514264945	14677	277	886	0.0174499181050775	0.0558145394985511	JAWNLB010000174.1_13050610
JAWNLB010000174.1	13200284	0.0444039076020297	0.0308849581942051	0.0193201522591402	0	2	0	1.77777777777778	0.869415374964368	0.0831837901330459	0.0210825245161999	0.00974477730688107	0.0142089280788847	0.00739283163707756	14690	278	2060	0.0175129141993196	0.129771954138843	JAWNLB010000174.1_13200284
JAWNLB010000020.1	2701441	0.0446243309209709	-0.0547677209243295	0.0551950603772447	0	0	2	1.88888888888889	0.929046401486726	0.105929853231781	0.0145998508987956	0.00100058096403663	0.01883561642969	0.00561714896357154	835	279	5347	0.0175759102935618	0.336840115912813	JAWNLB010000020.1_2701441
JAWNLB010000070.1	3901049	0.0446243309209709	-0.0547677209243295	0.0551950603772447	0	0	2	1.88888888888889	0.93188174416843	0.156986273814512	0.00995306148683308	0.00100986906155425	0.0137970190730274	0.00573805225916052	2338	280	8783	0.017638906387804	0.553294695728865	JAWNLB010000070.1_3901049
JAWNLB010000115.1	2550561	0.0446243309209709	-0.0547677209243295	0.0551950603772447	0	0	2	1.88888888888889	0.946977001004171	0.107005821202325	0.0127141244446836	0.000986880357548734	0.0142780354541841	0.00589433514991011	4668	281	5390	0.0177019024820461	0.339548947965226	JAWNLB010000115.1_2550561
JAWNLB010000115.1	2551325	0.0446243309209709	-0.0547677209243295	0.0551950603772447	0	0	2	1.88888888888889	0.938025580812965	0.100060913015667	0.0158430137467807	0.000739391654875885	0.0205255815113946	0.00571926460278027	4675	282	5132	0.0177648985762883	0.32329595565075	JAWNLB010000115.1_2551325
JAWNLB010000144.1	18451439	0.0446243309209709	-0.0547677209243295	0.0551950603772447	0	0	2	1.88888888888889	0.908785498231262	0.126551167737686	0.00951006375393691	0.0014559118953632	0.0142473820244891	0.00585507741968557	9302	283	6637	0.0178278946705304	0.418105077485196	JAWNLB010000144.1_18451439
JAWNLB010000174.1	1050128	0.0446243309209709	-0.0547677209243295	0.0551950603772447	0	0	2	1.88888888888889	0.955962609329833	0.127405385184079	0.00990117852023001	0.00111176426957213	0.0136158192442497	0.00580786048713595	13231	284	6665	0.0178908907647726	0.419868968123976	JAWNLB010000174.1_1050128
JAWNLB010000174.1	22503931	0.0446243309209709	-0.0547677209243295	0.0551950603772447	0	0	2	1.88888888888889	0.946348646375447	0.140375380593295	0.0101555441898276	0.00110582683817917	0.0139994025256059	0.00568730200657552	15818	286	7572	0.0180168829532569	0.477006425601613	JAWNLB010000174.1_22503931
JAWNLB010000174.1	22503951	0.0446243309209709	-0.0547677209243295	0.0551950603772447	0	0	2	1.88888888888889	0.905171149765952	0.119261800820183	0.0104293304808535	-0.000208367462388491	0.0138527547089244	0.0060352837240128	15819	287	6383	0.0180798790474991	0.402104069547688	JAWNLB010000174.1_22503951
JAWNLB010000174.1	22661112	0.0446243309209709	-0.0547677209243295	0.0551950603772447	0	0	2	1.88888888888889	0.957977173738429	0.166135233326339	0.0101385191958688	0.000637069452537203	0.0134242462130775	0.00594398612575199	15835	288	9215	0.0181428751417412	0.580509008441477	JAWNLB010000174.1_22661112
JAWNLB010000174.1	22661340	0.0446243309209709	-0.0547677209243295	0.0551950603772447	0	0	2	1.88888888888889	0.921542939596021	0.134829963047621	0.0100484636709009	0.00126138489538242	0.0137263714323754	0.00583718772517691	15836	289	6974	0.0182058712359834	0.439334761244803	JAWNLB010000174.1_22661340
JAWNLB010000174.1	22802445	0.0446243309209709	-0.0547677209243295	0.0551950603772447	0	0	2	1.88888888888889	0.927435789464431	0.141600922458716	0.0107259712174055	0.000899465036365796	0.0135344653032938	0.0058963934158413	15844	290	7653	0.0182688673302255	0.482109109235227	JAWNLB010000174.1_22802445
JAWNLB010000174.1	22802447	0.0446243309209709	-0.0547677209243295	0.0551950603772447	0	0	2	1.88888888888889	0.888720174078358	0.103318829932164	0.011235811537781	0.00090668751393791	0.0142517078735494	0.00601859114940806	15845	291	5261	0.0183318634244677	0.331422451807988	JAWNLB010000174.1_22802447
JAWNLB010000174.1	3750138	0.0446243309209709	-0.0547677209243295	0.0551950603772447	0	0	2	1.88888888888889	0.937015933641557	0.117694819976949	0.00940164470804169	0.00114873594880312	0.0128269938933271	0.00584805850709259	13554	285	6327	0.0179538868590147	0.398576288270127	JAWNLB010000174.1_3750138
JAWNLB010000070.1	4500149	0.044624330920971	0.0547677209243294	0.0551950603772445	0	16	2	0.111111111111111	0.938538641550291	0.103503954998266	-0.001309409730361	-0.0168339924808437	0.021705524802363	0.00583188195651868	2398	292	5264	0.0183948595187098	0.331611440090714	JAWNLB010000070.1_4500149
JAWNLB010000161.1	2101862	0.0446880061931816	-0.0207220092163662	0.0119747046751528	0	7	8	0.777777777777778	0.953972940247156	0.151623512752651	-0.00515155465932613	-0.00873936676079665	0.00571659515324753	0.00387777574177502	11421	293	8299	0.018457855612952	0.522804586115661	JAWNLB010000161.1_2101862
JAWNLB010000114.1	2250506	0.0451456592171804	0.013152003576754	0.0105376000340668	0	1	2	1.77777777777778	0.74870330437899	0.125453295288139	0.0018053524742071	-0.00291311011196415	0.00712605439957056	0.00469427904864041	4138	294	6599	0.0185208517071942	0.415711225903994	JAWNLB010000114.1_2250506
JAWNLB010000123.1	7650494	0.0454475399717767	-0.00684875168312852	0.00616073520872922	0	4	6	1.22222222222222	0.930500294822773	0.153908237588668	0.00369341111699041	0.00178133713073276	0.00380813321805522	0.0032381399005866	6804	295	8522	0.0185838478014363	0.536852715131662	JAWNLB010000123.1_7650494
JAWNLB010000013.1	2100335	0.0455118495876965	-0.0175094365520319	0.0129286218386477	0	2	2	1.66666666666667	0.827435757987351	0.067309687355057	0.00169917679516238	-0.00209300652209549	0.00541809606279252	0.00390040349493642	386	296	1265	0.0186468438956785	0.0796900592163286	JAWNLB010000013.1_2100335
JAWNLB010000100.1	900920	0.0456197411825474	-0.00991967318634212	0.00703818062339636	0	11	6	0.444444444444444	0.963923116049571	0.156009742981726	0.00128687352334673	-0.00090540478422178	0.00436089850050906	0.00360650956080615	3805	297	8681	0.0187098399899206	0.546869094116165	JAWNLB010000100.1_900920
JAWNLB010000090.1	4200163	0.0456744507512507	0.0356694872659279	0.0285150542819413	0	16	1	0.166666666666667	0.885264930107935	0.0834948337918595	0.00381559990215747	-6.61535905703564e-05	0.00746123338971166	0.00523877529029593	3601	298	2079	0.0187728360841628	0.130968879929444	JAWNLB010000090.1_4200163
JAWNLB010000174.1	15300318	0.0456744507512507	-0.0356694872659278	0.0285150542819414	0	1	1	1.83333333333333	0.883311534136566	0.0780104159687798	0.000472672122835539	-0.00418385752530217	0.00780428052055138	0.00524504120918206	14949	299	1718	0.0188358321784049	0.108227289908026	JAWNLB010000174.1_15300318
JAWNLB010000174.1	15900551	0.0456744507512507	-0.0356694872659278	0.0285150542819414	0	1	1	1.83333333333333	0.879980924057581	0.0793086260471249	0.00136673524030844	-0.00481292685649993	0.00844293289743742	0.00521604363053521	15023	300	1780	0.0188988282726471	0.112133047751039	JAWNLB010000174.1_15900551
JAWNLB010000013.1	1801762	0.0456778634103593	-0.0114015905829354	0.00672299425080425	0	12	3	0.5	0.903092484971519	0.0524047300221636	-0.000429708674209833	-0.00352475223695342	0.00423945100631105	0.00345732921019195	343	301	869	0.0189618243668893	0.0547436058964344	JAWNLB010000013.1_1801762
JAWNLB010000114.1	1200129	0.0459068627116654	-0.011012383883842	0.00896061254605929	0	3	3	1.5	0.849760596841753	0.101177873219793	0.00277372501721687	0.000140331605012948	0.00432922727106828	0.00346398209506075	3998	302	5182	0.0190248204611314	0.326445760362857	JAWNLB010000114.1_1200129
JAWNLB010000163.1	2400357	0.0461400565032104	-0.0236401483068592	0.0142156305639011	0	2	3	1.61111111111111	0.95030680235163	0.0447509351568354	-0.0027277667574342	-0.00664555108848154	0.00567904224987338	0.0043791415898165	13042	303	672	0.0190878165553736	0.0423333753307295	JAWNLB010000163.1_2400357
JAWNLB010000174.1	20250867	0.0461647529744462	0.0102022106510619	0.00921030455604594	0	2	1	1.72222222222222	0.981145241135017	0.0701323962520269	-0.000707007913979354	-0.00444249387831337	0.00694876186401589	0.00450611127119368	15550	304	1382	0.0191508126496157	0.087060602242661	JAWNLB010000174.1_20250867
JAWNLB010000174.1	20400487	0.0461647529744462	0.0102022106510619	0.00921030455604594	0	2	1	1.72222222222222	0.957558154420997	0.0428019563882754	0.000880564259077634	-0.00594679511449055	0.00723381191954499	0.00436847129815516	15560	305	625	0.0192138087438579	0.0393725589013481	JAWNLB010000174.1_20400487
JAWNLB010000174.1	12000258	0.0469494173781722	-0.00791758997254013	0.0093373090237181	0	3	1	1.61111111111111	0.868572217267887	0.0156785287769386	0.00982278991533064	0.00263281763768267	0.00719382599379735	0.00391247908585754	14546	306	294	0.0192768048381	0.0185208517071942	JAWNLB010000174.1_12000258
JAWNLB010000174.1	11701811	0.0472593123958681	0.0128470808595119	0.0104512020493624	0	2	0	1.77777777777778	0.770716984795541	0.0366514807635805	0.00277296111643912	-0.00291908845957502	0.00860597144457681	0.00479673173079024	14523	307	526	0.0193398009323422	0.0331359455713746	JAWNLB010000174.1_11701811
JAWNLB010000174.1	11850328	0.0472593123958681	0.0128470808595119	0.0104512020493624	0	2	0	1.77777777777778	0.77184248985758	0.0320607272866045	0.00416480718359143	-0.00392053501654255	0.00894649954515912	0.00460047245975998	14525	308	479	0.0194027970265844	0.0301751291419932	JAWNLB010000174.1_11850328
JAWNLB010000144.1	1050800	0.0478422628265943	-0.0221925296649314	0.015000905795377	0	0	5	1.72222222222222	0.990624098008427	0.107438028716875	-0.000375171253652286	-0.00355116628583663	0.00552801520280255	0.00439173346313236	7207	309	5411	0.0194657931208265	0.340871865944311	JAWNLB010000144.1_1050800
JAWNLB010000144.1	19651067	0.0479474530615903	-0.0100583056371878	0.00703322690208013	0	3	9	1.16666666666667	0.950400579834413	0.190023654997137	0.000528228238491586	-0.00184392666759619	0.00379586616788788	0.00313048827746004	9441	310	10002	0.0195287892150687	0.630086934610054	JAWNLB010000144.1_19651067
JAWNLB010000070.1	9150880	0.0480955715445268	0.00996122706413233	0.00914993741582209	0	0	5	1.72222222222222	0.983489969598438	0.148439224877816	-0.00076888722459723	-0.0047094635650397	0.00660915145698128	0.0045754861043029	2970	311	8081	0.0195917853093108	0.509071437570871	JAWNLB010000070.1_9150880
JAWNLB010000020.1	6601876	0.0481197711298252	-0.0249348388581247	0.028541273951401	0	1	1	1.83333333333333	0.94495423818639	0.038722734135927	0.0160710156356555	0.00167842861392185	0.0161903798043283	0.00492087910020932	1312	312	558	0.019654781403553	0.0351518205871236	JAWNLB010000020.1_6601876
JAWNLB010000116.1	6900589	0.0495089090915449	-0.0106335534000496	0.0165501658763171	0	1	2	1.77777777777778	0.94950300130847	0.0554970581437565	0.015691747735333	0.00284948542695284	0.01447085243359	0.00474222660677987	5570	313	923	0.0197177774977951	0.0581453949855109	JAWNLB010000116.1_6900589
