-48388404.588943
-48388404.588943
-48388404.588943
-48388404.588943
-48388404.588943
-48388404.588943
-48388404.588943
-48388404.588943
-48388404.588943
-48388404.588943
-48218707.616300
-48219837.515998
-48220759.732973
-48216682.661100
-48216697.959732
-48219285.214827
-48219931.582130
-48218454.614340
-48218868.962602
-48219882.838199
-48049929.691072
-48050008.146908
-48047830.707562
-48051704.455041
-48050899.033191
-48049373.446529
-48050354.005982
-48047583.769103
-48050004.225708
-48050675.069130
